iTx iRx chrec frequency/Hz Real{E/H} Imag{E/H}
1 1 Ex 0.25 -9.210779e-15 2.363233e-14
1 2 Ex 0.25 -8.769319e-15 2.647837e-14
1 3 Ex 0.25 -8.099585e-15 2.960987e-14
1 4 Ex 0.25 -7.013539e-15 3.326195e-14
1 5 Ex 0.25 -5.927493e-15 3.691403e-14
1 6 Ex 0.25 -4.159879e-15 4.123322e-14
1 7 Ex 0.25 -2.145802e-15 4.579365e-14
1 8 Ex 0.25 1.784744e-16 5.059639e-14
1 9 Ex 0.25 3.465114e-15 5.615089e-14
1 10 Ex 0.25 6.751754e-15 6.170539e-14
1 11 Ex 0.25 1.151219e-14 6.818516e-14
1 12 Ex 0.25 1.648166e-14 7.479617e-14
1 13 Ex 0.25 2.280783e-14 8.208598e-14
1 14 Ex 0.25 2.994987e-14 8.978402e-14
1 15 Ex 0.25 3.841353e-14 9.800721e-14
1 16 Ex 0.25 4.828589e-14 1.067902e-13
1 17 Ex 0.25 5.967156e-14 1.160413e-13
1 18 Ex 0.25 7.291372e-14 1.258669e-13
1 19 Ex 0.25 8.825890e-14 1.361858e-13
1 20 Ex 0.25 1.055897e-13 1.469704e-13
1 21 Ex 0.25 1.262314e-13 1.583203e-13
1 22 Ex 0.25 1.484677e-13 1.699423e-13
1 23 Ex 0.25 1.760749e-13 1.822000e-13
1 24 Ex 0.25 2.058976e-13 1.946455e-13
1 25 Ex 0.25 2.407159e-13 2.074746e-13
1 26 Ex 0.25 2.808935e-13 2.205561e-13
1 27 Ex 0.25 3.251774e-13 2.338061e-13
1 28 Ex 0.25 3.768302e-13 2.472895e-13
1 29 Ex 0.25 4.361172e-13 2.610453e-13
1 30 Ex 0.25 5.023949e-13 2.751934e-13
1 31 Ex 0.25 5.768394e-13 2.899888e-13
1 32 Ex 0.25 6.625477e-13 3.063839e-13
1 33 Ex 0.25 7.601780e-13 3.261366e-13
1 34 Ex 0.25 8.699798e-13 3.518016e-13
1 35 Ex 0.25 9.937299e-13 3.883051e-13
1 36 Ex 0.25 1.133750e-12 4.444763e-13
1 37 Ex 0.25 1.293711e-12 5.359562e-13
1 38 Ex 0.25 1.480627e-12 6.899725e-13
1 39 Ex 0.25 1.709110e-12 9.528294e-13
1 40 Ex 0.25 2.010170e-12 1.401400e-12
1 41 Ex 0.25 2.495117e-12 2.249411e-12
1 42 Ex 0.25 3.332602e-12 3.712747e-12
1 43 Ex 0.25 4.987061e-12 6.291059e-12
1 44 Ex 0.25 8.652850e-12 1.097282e-11
1 45 Ex 0.25 1.735579e-11 1.949516e-11
1 46 Ex 0.25 3.892977e-11 3.504626e-11
1 47 Ex 0.25 9.772949e-11 6.441979e-11
1 48 Ex 0.25 2.776296e-10 1.221906e-10
1 49 Ex 0.25 1.069351e-09 2.547997e-10
1 50 Ex 0.25 6.981416e-09 6.291648e-10
1 51 Ex 0.25 -6.160325e-08 1.243361e-09
1 52 Ex 0.25 7.127338e-09 6.333558e-10
1 53 Ex 0.25 1.060310e-09 2.513995e-10
1 54 Ex 0.25 2.735639e-10 1.192426e-10
1 55 Ex 0.25 9.669433e-11 6.250873e-11
1 56 Ex 0.25 3.904907e-11 3.396569e-11
1 57 Ex 0.25 1.779258e-11 1.897290e-11
1 58 Ex 0.25 9.086390e-12 1.078981e-11
1 59 Ex 0.25 5.314196e-12 6.290300e-12
1 60 Ex 0.25 3.544712e-12 3.794128e-12
1 61 Ex 0.25 2.612786e-12 2.357880e-12
1 62 Ex 0.25 2.059088e-12 1.508752e-12
1 63 Ex 0.25 1.715640e-12 1.045113e-12
1 64 Ex 0.25 1.461506e-12 7.643882e-13
1 65 Ex 0.25 1.260615e-12 5.935468e-13
1 66 Ex 0.25 1.094211e-12 4.878832e-13
1 67 Ex 0.25 9.522642e-13 4.204837e-13
1 68 Ex 0.25 8.290751e-13 3.753830e-13
1 69 Ex 0.25 7.210902e-13 3.432304e-13
1 70 Ex 0.25 6.258243e-13 3.185887e-13
1 71 Ex 0.25 5.426408e-13 2.985856e-13
1 72 Ex 0.25 4.706341e-13 2.810996e-13
1 73 Ex 0.25 4.066630e-13 2.647855e-13
1 74 Ex 0.25 3.495504e-13 2.492537e-13
1 75 Ex 0.25 2.999095e-13 2.343479e-13
1 76 Ex 0.25 2.574788e-13 2.199514e-13
1 77 Ex 0.25 2.190662e-13 2.058651e-13
1 78 Ex 0.25 1.858976e-13 1.922060e-13
1 79 Ex 0.25 1.576155e-13 1.790843e-13
1 80 Ex 0.25 1.314996e-13 1.662187e-13
1 81 Ex 0.25 1.106270e-13 1.541544e-13
1 82 Ex 0.25 9.130521e-14 1.424137e-13
1 83 Ex 0.25 7.520373e-14 1.313448e-13
1 84 Ex 0.25 6.102171e-14 1.208062e-13
1 85 Ex 0.25 4.887264e-14 1.108292e-13
1 86 Ex 0.25 3.850497e-14 1.014887e-13
1 87 Ex 0.25 2.958942e-14 9.266709e-14
1 88 Ex 0.25 2.201288e-14 8.445144e-14
1 89 Ex 0.25 1.569258e-14 7.680431e-14
1 90 Ex 0.25 1.013917e-14 6.959063e-14
1 91 Ex 0.25 5.861017e-15 6.309772e-14
1 92 Ex 0.25 1.776354e-15 5.674174e-14
1 93 Ex 0.25 -9.440994e-16 5.135122e-14
1 94 Ex 0.25 -3.664553e-15 4.596070e-14
1 95 Ex 0.25 -5.508944e-15 4.134288e-14
1 96 Ex 0.25 -7.070952e-15 3.697412e-14
1 97 Ex 0.25 -8.413704e-15 3.284992e-14
1 98 Ex 0.25 -9.150120e-15 2.940198e-14
1 99 Ex 0.25 -9.886537e-15 2.595405e-14
1 100 Ex 0.25 -1.026385e-14 2.302655e-14
1 101 Ex 0.25 -1.044427e-14 2.038442e-14
1 1 Ey 0.25 -1.718140e-19 5.016141e-19
1 2 Ey 0.25 3.375763e-19 1.674871e-19
1 3 Ey 0.25 9.146842e-19 -1.865372e-19
1 4 Ey 0.25 1.491030e-18 -5.418285e-19
1 5 Ey 0.25 2.000090e-18 -1.008911e-18
1 6 Ey 0.25 2.509150e-18 -1.475994e-18
1 7 Ey 0.25 2.950975e-18 -2.010997e-18
1 8 Ey 0.25 3.313119e-18 -2.626494e-18
1 9 Ey 0.25 3.668872e-18 -3.247157e-18
1 10 Ey 0.25 3.817101e-18 -4.035596e-18
1 11 Ey 0.25 3.965329e-18 -4.824035e-18
1 12 Ey 0.25 3.829685e-18 -5.785242e-18
1 13 Ey 0.25 3.584574e-18 -6.813072e-18
1 14 Ey 0.25 3.152402e-18 -7.951374e-18
1 15 Ey 0.25 2.552496e-18 -9.188733e-18
1 16 Ey 0.25 1.751104e-18 -1.056327e-17
1 17 Ey 0.25 6.941825e-19 -1.211179e-17
1 18 Ey 0.25 -6.046346e-19 -1.382581e-17
1 19 Ey 0.25 -2.190532e-18 -1.573623e-17
1 20 Ey 0.25 -4.230967e-18 -1.795697e-17
1 21 Ey 0.25 -6.612313e-18 -2.041045e-17
1 22 Ey 0.25 -9.626692e-18 -2.331432e-17
1 23 Ey 0.25 -1.289221e-17 -2.640243e-17
1 24 Ey 0.25 -1.704828e-17 -3.019396e-17
1 25 Ey 0.25 -2.174861e-17 -3.444622e-17
1 26 Ey 0.25 -2.710574e-17 -3.925445e-17
1 27 Ey 0.25 -3.379964e-17 -4.542815e-17
1 28 Ey 0.25 -4.143776e-17 -5.283385e-17
1 29 Ey 0.25 -5.019234e-17 -6.179839e-17
1 30 Ey 0.25 -6.083133e-17 -7.420944e-17
1 31 Ey 0.25 -7.348792e-17 -9.103392e-17
1 32 Ey 0.25 -8.895564e-17 -1.142366e-16
1 33 Ey 0.25 -1.081954e-16 -1.469117e-16
1 34 Ey 0.25 -1.326078e-16 -1.938196e-16
1 35 Ey 0.25 -1.663911e-16 -2.634522e-16
1 36 Ey 0.25 -2.180518e-16 -3.699138e-16
1 37 Ey 0.25 -3.026212e-16 -5.350792e-16
1 38 Ey 0.25 -4.463520e-16 -7.915184e-16
1 39 Ey 0.25 -7.055148e-16 -1.193096e-15
1 40 Ey 0.25 -1.177263e-15 -1.817833e-15
1 41 Ey 0.25 -2.033126e-15 -2.778562e-15
1 42 Ey 0.25 -3.687954e-15 -4.307145e-15
1 43 Ey 0.25 -7.012938e-15 -6.803018e-15
1 44 Ey 0.25 -1.380075e-14 -1.087696e-14
1 45 Ey 0.25 -2.818486e-14 -1.767632e-14
1 46 Ey 0.25 -6.410540e-14 -3.019744e-14
1 47 Ey 0.25 -1.647157e-13 -5.475402e-14
1 48 Ey 0.25 -5.405228e-13 -1.118591e-13
1 49 Ey 0.25 -2.476546e-12 -2.716118e-13
1 50 Ey 0.25 -2.187623e-11 -8.976961e-13
1 51 Ey 0.25 -1.703878e-13 4.446758e-14
1 52 Ey 0.25 2.214088e-11 8.715478e-13
1 53 Ey 0.25 2.476168e-12 2.566527e-13
1 54 Ey 0.25 5.413092e-13 1.052701e-13
1 55 Ey 0.25 1.667475e-13 5.202654e-14
1 56 Ey 0.25 6.576215e-14 2.901065e-14
1 57 Ey 0.25 2.939496e-14 1.727895e-14
1 58 Ey 0.25 1.460824e-14 1.083324e-14
1 59 Ey 0.25 7.526725e-15 6.919529e-15
1 60 Ey 0.25 3.993243e-15 4.468939e-15
1 61 Ey 0.25 2.201105e-15 2.931919e-15
1 62 Ey 0.25 1.264572e-15 1.952354e-15
1 63 Ey 0.25 7.411160e-16 1.300656e-15
1 64 Ey 0.25 4.525833e-16 8.733094e-16
1 65 Ey 0.25 2.896915e-16 5.921264e-16
1 66 Ey 0.25 2.014435e-16 4.119201e-16
1 67 Ey 0.25 1.473160e-16 2.927645e-16
1 68 Ey 0.25 1.131295e-16 2.136906e-16
1 69 Ey 0.25 9.097571e-17 1.611909e-16
1 70 Ey 0.25 7.330022e-17 1.237906e-16
1 71 Ey 0.25 5.926730e-17 9.696223e-17
1 72 Ey 0.25 4.846183e-17 7.790268e-17
1 73 Ey 0.25 4.011044e-17 6.462796e-17
1 74 Ey 0.25 3.189299e-17 5.389328e-17
1 75 Ey 0.25 2.517069e-17 4.555827e-17
1 76 Ey 0.25 1.972160e-17 3.914718e-17
1 77 Ey 0.25 1.498970e-17 3.377583e-17
1 78 Ey 0.25 1.084574e-17 2.903371e-17
1 79 Ey 0.25 7.188995e-18 2.481301e-17
1 80 Ey 0.25 4.387595e-18 2.141315e-17
1 81 Ey 0.25 1.834493e-18 1.828989e-17
1 82 Ey 0.25 -8.567558e-20 1.590866e-17
1 83 Ey 0.25 -1.739330e-18 1.359249e-17
1 84 Ey 0.25 -3.037639e-18 1.136309e-17
1 85 Ey 0.25 -4.032353e-18 9.461904e-18
1 86 Ey 0.25 -4.771255e-18 7.837267e-18
1 87 Ey 0.25 -5.281899e-18 6.445834e-18
1 88 Ey 0.25 -5.612563e-18 5.238283e-18
1 89 Ey 0.25 -5.784190e-18 4.083193e-18
1 90 Ey 0.25 -5.778458e-18 2.986609e-18
1 91 Ey 0.25 -5.641888e-18 1.973531e-18
1 92 Ey 0.25 -5.166023e-18 1.177001e-18
1 93 Ey 0.25 -4.690158e-18 3.804721e-19
1 94 Ey 0.25 -3.999818e-18 -1.975481e-19
1 95 Ey 0.25 -3.302873e-18 -7.688398e-19
1 96 Ey 0.25 -2.518499e-18 -1.214782e-18
1 97 Ey 0.25 -1.660352e-18 -1.554955e-18
1 98 Ey 0.25 -8.022043e-19 -1.895128e-18
1 99 Ey 0.25 1.415063e-19 -2.132407e-18
1 100 Ey 0.25 1.086186e-18 -2.368520e-18
1 101 Ey 0.25 1.927013e-18 -2.553604e-18
1 1 Hx 0.25 -9.102328e-14 6.182195e-14
1 2 Hx 0.25 -1.001692e-13 7.498152e-14
1 3 Hx 0.25 -1.098102e-13 8.973323e-14
1 4 Hx 0.25 -1.194707e-13 1.045675e-13
1 5 Hx 0.25 -1.308556e-13 1.266869e-13
1 6 Hx 0.25 -1.422404e-13 1.488064e-13
1 7 Hx 0.25 -1.543169e-13 1.755557e-13
1 8 Hx 0.25 -1.672130e-13 2.077920e-13
1 9 Hx 0.25 -1.801396e-13 2.404368e-13
1 10 Hx 0.25 -1.940560e-13 2.863446e-13
1 11 Hx 0.25 -2.079725e-13 3.322524e-13
1 12 Hx 0.25 -2.221075e-13 3.912833e-13
1 13 Hx 0.25 -2.363269e-13 4.553748e-13
1 14 Hx 0.25 -2.501016e-13 5.321601e-13
1 15 Hx 0.25 -2.634777e-13 6.203279e-13
1 16 Hx 0.25 -2.758945e-13 7.224618e-13
1 17 Hx 0.25 -2.870949e-13 8.423079e-13
1 18 Hx 0.25 -2.965750e-13 9.812563e-13
1 19 Hx 0.25 -3.040134e-13 1.142875e-12
1 20 Hx 0.25 -3.084783e-13 1.336027e-12
1 21 Hx 0.25 -3.107130e-13 1.552828e-12
1 22 Hx 0.25 -3.078185e-13 1.827171e-12
1 23 Hx 0.25 -3.029442e-13 2.125283e-12
1 24 Hx 0.25 -2.915447e-13 2.516149e-12
1 25 Hx 0.25 -2.773064e-13 2.969638e-12
1 26 Hx 0.25 -2.596424e-13 3.498697e-12
1 27 Hx 0.25 -2.382874e-13 4.205040e-12
1 28 Hx 0.25 -2.159629e-13 5.052916e-12
1 29 Hx 0.25 -1.928045e-13 6.076639e-12
1 30 Hx 0.25 -1.683542e-13 7.482309e-12
1 31 Hx 0.25 -1.355645e-13 9.319889e-12
1 32 Hx 0.25 -7.807216e-14 1.172528e-11
1 33 Hx 0.25 3.929900e-14 1.493516e-11
1 34 Hx 0.25 2.923627e-13 1.930989e-11
1 35 Hx 0.25 8.424405e-13 2.539943e-11
1 36 Hx 0.25 2.020375e-12 3.403452e-11
1 37 Hx 0.25 4.473168e-12 4.644553e-11
1 38 Hx 0.25 9.406058e-12 6.440969e-11
1 39 Hx 0.25 1.896605e-11 9.042454e-11
1 40 Hx 0.25 3.683349e-11 1.279039e-10
1 41 Hx 0.25 6.912374e-11 1.813927e-10
1 42 Hx 0.25 1.294854e-10 2.594834e-10
1 43 Hx 0.25 2.432188e-10 3.740971e-10
1 44 Hx 0.25 4.552460e-10 5.395492e-10
1 45 Hx 0.25 8.562924e-10 7.788751e-10
1 46 Hx 0.25 1.700218e-09 1.138291e-09
1 47 Hx 0.25 3.590577e-09 1.680373e-09
1 48 Hx 0.25 8.725466e-09 2.549044e-09
1 49 Hx 0.25 2.604578e-08 4.022009e-09
1 50 Hx 0.25 1.245322e-07 6.694922e-09
1 51 Hx 0.25 7.495638e-09 -2.294147e-10
1 52 Hx 0.25 -1.191055e-07 -6.727666e-09
1 53 Hx 0.25 -2.572980e-08 -4.052514e-09
1 54 Hx 0.25 -8.688890e-09 -2.562049e-09
1 55 Hx 0.25 -3.596534e-09 -1.685579e-09
1 56 Hx 0.25 -1.713546e-09 -1.140957e-09
1 57 Hx 0.25 -8.690388e-10 -7.810069e-10
1 58 Hx 0.25 -4.653904e-10 -5.417805e-10
1 59 Hx 0.25 -2.506346e-10 -3.764617e-10
1 60 Hx 0.25 -1.345349e-10 -2.618437e-10
1 61 Hx 0.25 -7.233514e-11 -1.835792e-10
1 62 Hx 0.25 -3.869812e-11 -1.297972e-10
1 63 Hx 0.25 -1.987566e-11 -9.196947e-11
1 64 Hx 0.25 -9.678615e-12 -6.559769e-11
1 65 Hx 0.25 -4.351582e-12 -4.730316e-11
1 66 Hx 0.25 -1.678366e-12 -3.460839e-11
1 67 Hx 0.25 -3.976331e-13 -2.574440e-11
1 68 Hx 0.25 1.813511e-13 -1.947929e-11
1 69 Hx 0.25 4.204322e-13 -1.497531e-11
1 70 Hx 0.25 5.006803e-13 -1.167404e-11
1 71 Hx 0.25 5.104106e-13 -9.206523e-12
1 72 Hx 0.25 4.920098e-13 -7.328914e-12
1 73 Hx 0.25 4.661401e-13 -5.900753e-12
1 74 Hx 0.25 4.444405e-13 -4.870015e-12
1 75 Hx 0.25 4.266071e-13 -4.021412e-12
1 76 Hx 0.25 4.120361e-13 -3.319189e-12
1 77 Hx 0.25 4.008734e-13 -2.799225e-12
1 78 Hx 0.25 3.901081e-13 -2.356082e-12
1 79 Hx 0.25 3.796723e-13 -1.976599e-12
1 80 Hx 0.25 3.680597e-13 -1.690295e-12
1 81 Hx 0.25 3.559144e-13 -1.427643e-12
1 82 Hx 0.25 3.422266e-13 -1.222004e-12
1 83 Hx 0.25 3.278234e-13 -1.039522e-12
1 84 Hx 0.25 3.124663e-13 -8.879169e-13
1 85 Hx 0.25 2.965241e-13 -7.582300e-13
1 86 Hx 0.25 2.800887e-13 -6.470115e-13
1 87 Hx 0.25 2.635402e-13 -5.527191e-13
1 88 Hx 0.25 2.469026e-13 -4.717730e-13
1 89 Hx 0.25 2.305530e-13 -4.015919e-13
1 90 Hx 0.25 2.145247e-13 -3.434160e-13
1 91 Hx 0.25 1.988733e-13 -2.899633e-13
1 92 Hx 0.25 1.841994e-13 -2.487590e-13
1 93 Hx 0.25 1.695256e-13 -2.075548e-13
1 94 Hx 0.25 1.564988e-13 -1.785888e-13
1 95 Hx 0.25 1.435228e-13 -1.499996e-13
1 96 Hx 0.25 1.316022e-13 -1.263962e-13
1 97 Hx 0.25 1.205721e-13 -1.069996e-13
1 98 Hx 0.25 1.095421e-13 -8.760312e-14
1 99 Hx 0.25 1.004434e-13 -7.475519e-14
1 100 Hx 0.25 9.136659e-14 -6.198147e-14
1 101 Hx 0.25 8.279698e-14 -5.061981e-14
1 1 Hy 0.25 3.180371e-11 -2.043875e-11
1 2 Hy 0.25 3.417791e-11 -2.415333e-11
1 3 Hy 0.25 3.660152e-11 -2.842700e-11
1 4 Hy 0.25 3.911523e-11 -3.372030e-11
1 5 Hy 0.25 4.162894e-11 -3.901359e-11
1 6 Hy 0.25 4.410516e-11 -4.577485e-11
1 7 Hy 0.25 4.656782e-11 -5.306694e-11
1 8 Hy 0.25 4.895144e-11 -6.096153e-11
1 9 Hy 0.25 5.108986e-11 -7.072533e-11
1 10 Hy 0.25 5.322829e-11 -8.048912e-11
1 11 Hy 0.25 5.476287e-11 -9.287726e-11
1 12 Hy 0.25 5.621181e-11 -1.056376e-10
1 13 Hy 0.25 5.692831e-11 -1.206344e-10
1 14 Hy 0.25 5.720434e-11 -1.369761e-10
1 15 Hy 0.25 5.662828e-11 -1.553594e-10
1 16 Hy 0.25 5.514399e-11 -1.759190e-10
1 17 Hy 0.25 5.254801e-11 -1.986874e-10
1 18 Hy 0.25 4.858824e-11 -2.241654e-10
1 19 Hy 0.25 4.292523e-11 -2.525688e-10
1 20 Hy 0.25 3.565406e-11 -2.837343e-10
1 21 Hy 0.25 2.549250e-11 -3.193272e-10
1 22 Hy 0.25 1.393890e-11 -3.570525e-10
1 23 Hy 0.25 -2.577574e-12 -4.017773e-10
1 24 Hy 0.25 -2.121377e-11 -4.493667e-10
1 25 Hy 0.25 -4.466879e-11 -5.034034e-10
1 26 Hy 0.25 -7.346388e-11 -5.644338e-10
1 27 Hy 0.25 -1.063940e-10 -6.309041e-10
1 28 Hy 0.25 -1.468639e-10 -7.073604e-10
1 29 Hy 0.25 -1.953551e-10 -7.949128e-10
1 30 Hy 0.25 -2.513576e-10 -8.933457e-10
1 31 Hy 0.25 -3.163229e-10 -1.005276e-09
1 32 Hy 0.25 -3.942345e-10 -1.138149e-09
1 33 Hy 0.25 -4.871002e-10 -1.297339e-09
1 34 Hy 0.25 -5.970158e-10 -1.488205e-09
1 35 Hy 0.25 -7.292796e-10 -1.721620e-09
1 36 Hy 0.25 -8.921689e-10 -2.012855e-09
1 37 Hy 0.25 -1.098979e-09 -2.383036e-09
1 38 Hy 0.25 -1.371226e-09 -2.860684e-09
1 39 Hy 0.25 -1.743419e-09 -3.483134e-09
1 40 Hy 0.25 -2.269887e-09 -4.297567e-09
1 41 Hy 0.25 -3.098838e-09 -5.417414e-09
1 42 Hy 0.25 -4.362405e-09 -6.886802e-09
1 43 Hy 0.25 -6.375702e-09 -8.827252e-09
1 44 Hy 0.25 -9.763379e-09 -1.141674e-08
1 45 Hy 0.25 -1.566822e-08 -1.483617e-08
1 46 Hy 0.25 -2.640610e-08 -1.933701e-08
1 47 Hy 0.25 -4.766207e-08 -2.536084e-08
1 48 Hy 0.25 -9.435794e-08 -3.369166e-08
1 49 Hy 0.25 -2.303841e-07 -4.667976e-08
1 50 Hy 0.25 -9.133334e-07 -7.320872e-08
1 51 Hy 0.25 -6.537478e-06 -1.343754e-07
1 52 Hy 0.25 -8.825292e-07 -7.196236e-08
1 53 Hy 0.25 -2.273928e-07 -4.696914e-08
1 54 Hy 0.25 -9.411559e-08 -3.442151e-08
1 55 Hy 0.25 -4.783145e-08 -2.614060e-08
1 56 Hy 0.25 -2.661018e-08 -2.002247e-08
1 57 Hy 0.25 -1.580785e-08 -1.537971e-08
1 58 Hy 0.25 -9.826914e-09 -1.181922e-08
1 59 Hy 0.25 -6.378899e-09 -9.109808e-09
1 60 Hy 0.25 -4.326194e-09 -7.076594e-09
1 61 Hy 0.25 -3.039523e-09 -5.537913e-09
1 62 Hy 0.25 -2.198780e-09 -4.367393e-09
1 63 Hy 0.25 -1.668992e-09 -3.518747e-09
1 64 Hy 0.25 -1.297742e-09 -2.872254e-09
1 65 Hy 0.25 -1.028943e-09 -2.378014e-09
1 66 Hy 0.25 -8.269174e-10 -1.996584e-09
1 67 Hy 0.25 -6.694008e-10 -1.697871e-09
1 68 Hy 0.25 -5.426505e-10 -1.459625e-09
1 69 Hy 0.25 -4.381390e-10 -1.265782e-09
1 70 Hy 0.25 -3.504360e-10 -1.104920e-09
1 71 Hy 0.25 -2.773402e-10 -9.713790e-10
1 72 Hy 0.25 -2.167801e-10 -8.594908e-10
1 73 Hy 0.25 -1.648471e-10 -7.615010e-10
1 74 Hy 0.25 -1.201216e-10 -6.746845e-10
1 75 Hy 0.25 -8.306582e-11 -5.992216e-10
1 76 Hy 0.25 -5.318335e-11 -5.339177e-10
1 77 Hy 0.25 -2.722257e-11 -4.741296e-10
1 78 Hy 0.25 -6.315667e-12 -4.214163e-10
1 79 Hy 0.25 1.005848e-11 -3.751890e-10
1 80 Hy 0.25 2.444171e-11 -3.318407e-10
1 81 Hy 0.25 3.419387e-11 -2.954964e-10
1 82 Hy 0.25 4.266067e-11 -2.612741e-10
1 83 Hy 0.25 4.845857e-11 -2.314580e-10
1 84 Hy 0.25 5.279363e-11 -2.043742e-10
1 85 Hy 0.25 5.557938e-11 -1.801844e-10
1 86 Hy 0.25 5.714876e-11 -1.586581e-10
1 87 Hy 0.25 5.772661e-11 -1.393032e-10
1 88 Hy 0.25 5.751742e-11 -1.220721e-10
1 89 Hy 0.25 5.656986e-11 -1.068335e-10
1 90 Hy 0.25 5.525726e-11 -9.289750e-11
1 91 Hy 0.25 5.333767e-11 -8.112758e-11
1 92 Hy 0.25 5.135345e-11 -6.971463e-11
1 93 Hy 0.25 4.891344e-11 -6.081852e-11
1 94 Hy 0.25 4.647344e-11 -5.192241e-11
1 95 Hy 0.25 4.389106e-11 -4.480289e-11
1 96 Hy 0.25 4.126277e-11 -3.825602e-11
1 97 Hy 0.25 3.864907e-11 -3.220801e-11
1 98 Hy 0.25 3.607567e-11 -2.753958e-11
1 99 Hy 0.25 3.350227e-11 -2.287114e-11
1 100 Hy 0.25 3.106920e-11 -1.915002e-11
1 101 Hy 0.25 2.871308e-11 -1.594834e-11
