iTx iRx chrec frequency/Hz Real{E/H} Imag{E/H}
1 1 Ex 0.25 -1.231965e-14 1.766142e-14
1 2 Ex 0.25 -1.245094e-14 2.020845e-14
1 3 Ex 0.25 -1.240878e-14 2.306005e-14
1 4 Ex 0.25 -1.205028e-14 2.646708e-14
1 5 Ex 0.25 -1.169178e-14 2.987411e-14
1 6 Ex 0.25 -1.077097e-14 3.401090e-14
1 7 Ex 0.25 -9.646819e-15 3.841157e-14
1 8 Ex 0.25 -8.252912e-15 4.308551e-14
1 9 Ex 0.25 -6.022101e-15 4.860728e-14
1 10 Ex 0.25 -3.791289e-15 5.412904e-14
1 11 Ex 0.25 -2.292523e-16 6.072735e-14
1 12 Ex 0.25 3.521594e-15 6.747834e-14
1 13 Ex 0.25 8.544935e-15 7.504309e-14
1 14 Ex 0.25 1.433351e-14 8.309719e-14
1 15 Ex 0.25 2.139279e-14 9.180422e-14
1 16 Ex 0.25 2.980650e-14 1.012072e-13
1 17 Ex 0.25 3.970821e-14 1.112154e-13
1 18 Ex 0.25 5.143535e-14 1.219661e-13
1 19 Ex 0.25 6.526529e-14 1.333841e-13
1 20 Ex 0.25 8.108066e-14 1.454322e-13
1 21 Ex 0.25 1.002714e-13 1.582836e-13
1 22 Ex 0.25 1.210879e-13 1.715219e-13
1 23 Ex 0.25 1.474478e-13 1.857381e-13
1 24 Ex 0.25 1.761167e-13 2.002674e-13
1 25 Ex 0.25 2.100040e-13 2.154543e-13
1 26 Ex 0.25 2.495511e-13 2.311477e-13
1 27 Ex 0.25 2.934546e-13 2.471913e-13
1 28 Ex 0.25 3.452289e-13 2.637577e-13
1 29 Ex 0.25 4.052586e-13 2.808461e-13
1 30 Ex 0.25 4.729245e-13 2.985301e-13
1 31 Ex 0.25 5.495908e-13 3.170723e-13
1 32 Ex 0.25 6.388842e-13 3.374370e-13
1 33 Ex 0.25 7.419212e-13 3.612866e-13
1 34 Ex 0.25 8.594225e-13 3.910192e-13
1 35 Ex 0.25 9.940633e-13 4.312718e-13
1 36 Ex 0.25 1.149463e-12 4.902968e-13
1 37 Ex 0.25 1.331083e-12 5.826212e-13
1 38 Ex 0.25 1.548228e-12 7.334073e-13
1 39 Ex 0.25 1.818214e-12 9.854182e-13
1 40 Ex 0.25 2.174701e-12 1.409772e-12
1 41 Ex 0.25 2.733328e-12 2.205386e-12
1 42 Ex 0.25 3.657506e-12 3.575313e-12
1 43 Ex 0.25 5.399493e-12 5.993234e-12
1 44 Ex 0.25 9.115913e-12 1.040529e-11
1 45 Ex 0.25 1.773647e-11 1.849673e-11
1 46 Ex 0.25 3.889638e-11 3.339134e-11
1 47 Ex 0.25 9.655728e-11 6.180085e-11
1 48 Ex 0.25 2.743104e-10 1.182692e-10
1 49 Ex 0.25 1.068194e-09 2.496821e-10
1 50 Ex 0.25 7.086926e-09 6.268450e-10
1 51 Ex 0.25 -6.363679e-08 1.264834e-09
1 52 Ex 0.25 7.381600e-09 6.406268e-10
1 53 Ex 0.25 1.115571e-09 2.564825e-10
1 54 Ex 0.25 2.881762e-10 1.226376e-10
1 55 Ex 0.25 1.020311e-10 6.482584e-11
1 56 Ex 0.25 4.121219e-11 3.551194e-11
1 57 Ex 0.25 1.868177e-11 1.998019e-11
1 58 Ex 0.25 9.414280e-12 1.143421e-11
1 59 Ex 0.25 5.393176e-12 6.702588e-12
1 60 Ex 0.25 3.514660e-12 4.064794e-12
1 61 Ex 0.25 2.535011e-12 2.542570e-12
1 62 Ex 0.25 1.960843e-12 1.641147e-12
1 63 Ex 0.25 1.610517e-12 1.148111e-12
1 64 Ex 0.25 1.354028e-12 8.485723e-13
1 65 Ex 0.25 1.152809e-12 6.648478e-13
1 66 Ex 0.25 9.870512e-13 5.494235e-13
1 67 Ex 0.25 8.463849e-13 4.738508e-13
1 68 Ex 0.25 7.250147e-13 4.213871e-13
1 69 Ex 0.25 6.193522e-13 3.823302e-13
1 70 Ex 0.25 5.268868e-13 3.511077e-13
1 71 Ex 0.25 4.469948e-13 3.248505e-13
1 72 Ex 0.25 3.787314e-13 3.015133e-13
1 73 Ex 0.25 3.188030e-13 2.797168e-13
1 74 Ex 0.25 2.659671e-13 2.590645e-13
1 75 Ex 0.25 2.208240e-13 2.395000e-13
1 76 Ex 0.25 1.830299e-13 2.209991e-13
1 77 Ex 0.25 1.492959e-13 2.031544e-13
1 78 Ex 0.25 1.208310e-13 1.862200e-13
1 79 Ex 0.25 9.719012e-14 1.703450e-13
1 80 Ex 0.25 7.567848e-14 1.549631e-13
1 81 Ex 0.25 5.922645e-14 1.410114e-13
1 82 Ex 0.25 4.423041e-14 1.275883e-13
1 83 Ex 0.25 3.225758e-14 1.152628e-13
1 84 Ex 0.25 2.202285e-14 1.037386e-13
1 85 Ex 0.25 1.362896e-14 9.306306e-14
1 86 Ex 0.25 6.781955e-15 8.328602e-14
1 87 Ex 0.25 1.195891e-15 7.424136e-14
1 88 Ex 0.25 -3.286697e-15 6.599938e-14
1 89 Ex 0.25 -6.734021e-15 5.851047e-14
1 90 Ex 0.25 -9.588642e-15 5.156239e-14
1 91 Ex 0.25 -1.145767e-14 4.551364e-14
1 92 Ex 0.25 -1.318979e-14 3.962577e-14
1 93 Ex 0.25 -1.395666e-14 3.487225e-14
1 94 Ex 0.25 -1.472353e-14 3.011873e-14
1 95 Ex 0.25 -1.493560e-14 2.622103e-14
1 96 Ex 0.25 -1.496883e-14 2.259920e-14
1 97 Ex 0.25 -1.488422e-14 1.923213e-14
1 98 Ex 0.25 -1.447372e-14 1.656958e-14
1 99 Ex 0.25 -1.406323e-14 1.390703e-14
1 100 Ex 0.25 -1.350698e-14 1.175398e-14
1 101 Ex 0.25 -1.287081e-14 9.880311e-15
1 1 Ey 0.25 9.095815e-19 6.616178e-18
1 2 Ey 0.25 2.210132e-18 5.914220e-18
1 3 Ey 0.25 3.743678e-18 5.087986e-18
1 4 Ey 0.25 5.276550e-18 4.259933e-18
1 5 Ey 0.25 6.750014e-18 3.271463e-18
1 6 Ey 0.25 8.223478e-18 2.282993e-18
1 7 Ey 0.25 9.580744e-18 1.205353e-18
1 8 Ey 0.25 1.080030e-17 2.203601e-20
1 9 Ey 0.25 1.201077e-17 -1.167231e-18
1 10 Ey 0.25 1.292609e-17 -2.549718e-18
1 11 Ey 0.25 1.384141e-17 -3.932206e-18
1 12 Ey 0.25 1.420596e-17 -5.494778e-18
1 13 Ey 0.25 1.435811e-17 -7.126793e-18
1 14 Ey 0.25 1.427395e-17 -8.864560e-18
1 15 Ey 0.25 1.397787e-17 -1.069715e-17
1 16 Ey 0.25 1.341644e-17 -1.262086e-17
1 17 Ey 0.25 1.251847e-17 -1.466013e-17
1 18 Ey 0.25 1.133577e-17 -1.686737e-17
1 19 Ey 0.25 9.815146e-18 -1.927396e-17
1 20 Ey 0.25 7.588016e-18 -2.198792e-17
1 21 Ey 0.25 4.830990e-18 -2.493242e-17
1 22 Ey 0.25 1.369041e-18 -2.843582e-17
1 23 Ey 0.25 -2.366794e-18 -3.215023e-17
1 24 Ey 0.25 -7.021967e-18 -3.651656e-17
1 25 Ey 0.25 -1.217132e-17 -4.131158e-17
1 26 Ey 0.25 -1.791701e-17 -4.662390e-17
1 27 Ey 0.25 -2.526955e-17 -5.343687e-17
1 28 Ey 0.25 -3.359936e-17 -6.154035e-17
1 29 Ey 0.25 -4.305171e-17 -7.126334e-17
1 30 Ey 0.25 -5.434168e-17 -8.450968e-17
1 31 Ey 0.25 -6.813101e-17 -1.025685e-16
1 32 Ey 0.25 -8.510889e-17 -1.272883e-16
1 33 Ey 0.25 -1.063069e-16 -1.617072e-16
1 34 Ey 0.25 -1.336365e-16 -2.106909e-16
1 35 Ey 0.25 -1.727382e-16 -2.832373e-16
1 36 Ey 0.25 -2.312965e-16 -3.923848e-16
1 37 Ey 0.25 -3.258794e-16 -5.594597e-16
1 38 Ey 0.25 -4.878304e-16 -8.172064e-16
1 39 Ey 0.25 -7.726071e-16 -1.214400e-15
1 40 Ey 0.25 -1.282517e-15 -1.824746e-15
1 41 Ey 0.25 -2.195099e-15 -2.754150e-15
1 42 Ey 0.25 -3.929154e-15 -4.217709e-15
1 43 Ey 0.25 -7.365309e-15 -6.581324e-15
1 44 Ey 0.25 -1.428195e-14 -1.038561e-14
1 45 Ey 0.25 -2.877929e-14 -1.667995e-14
1 46 Ey 0.25 -6.466946e-14 -2.823553e-14
1 47 Ey 0.25 -1.643897e-13 -5.061229e-14
1 48 Ey 0.25 -5.378310e-13 -1.031606e-13
1 49 Ey 0.25 -2.474345e-12 -2.515049e-13
1 50 Ey 0.25 -2.208085e-11 -8.504240e-13
1 51 Ey 0.25 6.209891e-13 8.731983e-14
1 52 Ey 0.25 2.296715e-11 8.823831e-13
1 53 Ey 0.25 2.576374e-12 2.621104e-13
1 54 Ey 0.25 5.602655e-13 1.078642e-13
1 55 Ey 0.25 1.715770e-13 5.331681e-14
1 56 Ey 0.25 6.742862e-14 2.980931e-14
1 57 Ey 0.25 3.001022e-14 1.775688e-14
1 58 Ey 0.25 1.483194e-14 1.112680e-14
1 59 Ey 0.25 7.582165e-15 7.091785e-15
1 60 Ey 0.25 3.992648e-15 4.594647e-15
1 61 Ey 0.25 2.168743e-15 3.016751e-15
1 62 Ey 0.25 1.221331e-15 2.013586e-15
1 63 Ey 0.25 6.968393e-16 1.347781e-15
1 64 Ey 0.25 4.086578e-16 9.089429e-16
1 65 Ey 0.25 2.489957e-16 6.202998e-16
1 66 Ey 0.25 1.626482e-16 4.329067e-16
1 67 Ey 0.25 1.125967e-16 3.091270e-16
1 68 Ey 0.25 8.172275e-17 2.263585e-16
1 69 Ey 0.25 6.198879e-17 1.704018e-16
1 70 Ey 0.25 4.771824e-17 1.312045e-16
1 71 Ey 0.25 3.661648e-17 1.029720e-16
1 72 Ey 0.25 2.767586e-17 8.222167e-17
1 73 Ey 0.25 2.047017e-17 6.702203e-17
1 74 Ey 0.25 1.489332e-17 5.641729e-17
1 75 Ey 0.25 9.878713e-18 4.750334e-17
1 76 Ey 0.25 5.345988e-18 3.991026e-17
1 77 Ey 0.25 1.884044e-18 3.405468e-17
1 78 Ey 0.25 -1.133914e-18 2.886910e-17
1 79 Ey 0.25 -3.783953e-18 2.423872e-17
1 80 Ey 0.25 -5.757217e-18 2.049038e-17
1 81 Ey 0.25 -7.546313e-18 1.696987e-17
1 82 Ey 0.25 -8.877807e-18 1.400289e-17
1 83 Ey 0.25 -9.900938e-18 1.134013e-17
1 84 Ey 0.25 -1.051293e-17 9.082988e-18
1 85 Ey 0.25 -1.089951e-17 7.072598e-18
1 86 Ey 0.25 -1.109615e-17 5.270125e-18
1 87 Ey 0.25 -1.108133e-17 3.692435e-18
1 88 Ey 0.25 -1.089977e-17 2.291985e-18
1 89 Ey 0.25 -1.059103e-17 9.977244e-19
1 90 Ey 0.25 -1.014046e-17 -1.781128e-19
1 91 Ey 0.25 -9.549610e-18 -1.234116e-18
1 92 Ey 0.25 -8.594982e-18 -1.979363e-18
1 93 Ey 0.25 -7.640355e-18 -2.724609e-18
1 94 Ey 0.25 -6.519172e-18 -3.214865e-18
1 95 Ey 0.25 -5.392861e-18 -3.697269e-18
1 96 Ey 0.25 -4.165064e-18 -4.045945e-18
1 97 Ey 0.25 -2.851634e-18 -4.281781e-18
1 98 Ey 0.25 -1.538204e-18 -4.517618e-18
1 99 Ey 0.25 -2.136201e-19 -4.601682e-18
1 100 Ey 0.25 1.111090e-18 -4.684026e-18
1 101 Ey 0.25 2.252830e-18 -4.689761e-18
1 1 Hx 0.25 -7.721308e-14 4.130278e-14
1 2 Hx 0.25 -8.617748e-14 5.051047e-14
1 3 Hx 0.25 -9.570173e-14 6.092846e-14
1 4 Hx 0.25 -1.052550e-13 7.141517e-14
1 5 Hx 0.25 -1.173651e-13 8.796554e-14
1 6 Hx 0.25 -1.294752e-13 1.045159e-13
1 7 Hx 0.25 -1.428474e-13 1.250923e-13
1 8 Hx 0.25 -1.577154e-13 1.504399e-13
1 9 Hx 0.25 -1.726657e-13 1.761554e-13
1 10 Hx 0.25 -1.902880e-13 2.138172e-13
1 11 Hx 0.25 -2.079103e-13 2.514789e-13
1 12 Hx 0.25 -2.275398e-13 3.012752e-13
1 13 Hx 0.25 -2.479434e-13 3.557509e-13
1 14 Hx 0.25 -2.694969e-13 4.222680e-13
1 15 Hx 0.25 -2.920814e-13 4.995825e-13
1 16 Hx 0.25 -3.154204e-13 5.904397e-13
1 17 Hx 0.25 -3.397165e-13 6.984723e-13
1 18 Hx 0.25 -3.644406e-13 8.253909e-13
1 19 Hx 0.25 -3.896729e-13 9.747232e-13
1 20 Hx 0.25 -4.153089e-13 1.155670e-12
1 21 Hx 0.25 -4.412477e-13 1.360329e-12
1 22 Hx 0.25 -4.670418e-13 1.623600e-12
1 23 Hx 0.25 -4.927979e-13 1.911161e-12
1 24 Hx 0.25 -5.185954e-13 2.294192e-12
1 25 Hx 0.25 -5.449387e-13 2.742105e-12
1 26 Hx 0.25 -5.719407e-13 3.268315e-12
1 27 Hx 0.25 -6.020382e-13 3.978949e-12
1 28 Hx 0.25 -6.346915e-13 4.836929e-12
1 29 Hx 0.25 -6.702934e-13 5.877966e-12
1 30 Hx 0.25 -7.086542e-13 7.316152e-12
1 31 Hx 0.25 -7.390037e-13 9.202222e-12
1 32 Hx 0.25 -7.419432e-13 1.167577e-11
1 33 Hx 0.25 -6.774829e-13 1.497978e-11
1 34 Hx 0.25 -4.617019e-13 1.948322e-11
1 35 Hx 0.25 8.001960e-14 2.574792e-11
1 36 Hx 0.25 1.300109e-12 3.462128e-11
1 37 Hx 0.25 3.879745e-12 4.735741e-11
1 38 Hx 0.25 9.077945e-12 6.576831e-11
1 39 Hx 0.25 1.912690e-11 9.240328e-11
1 40 Hx 0.25 3.784091e-11 1.307534e-10
1 41 Hx 0.25 7.154646e-11 1.854783e-10
1 42 Hx 0.25 1.343556e-10 2.654097e-10
1 43 Hx 0.25 2.524018e-10 3.828479e-10
1 44 Hx 0.25 4.720472e-10 5.526470e-10
1 45 Hx 0.25 8.868964e-10 7.987525e-10
1 46 Hx 0.25 1.758754e-09 1.169302e-09
1 47 Hx 0.25 3.709850e-09 1.729673e-09
1 48 Hx 0.25 9.002436e-09 2.629803e-09
1 49 Hx 0.25 2.667629e-08 4.152734e-09
1 50 Hx 0.25 1.179945e-07 6.761105e-09
1 51 Hx 0.25 1.898921e-09 -2.424909e-11
1 52 Hx 0.25 -1.123532e-07 -6.363703e-09
1 53 Hx 0.25 -2.545332e-08 -3.908314e-09
1 54 Hx 0.25 -8.618631e-09 -2.483914e-09
1 55 Hx 0.25 -3.568926e-09 -1.641788e-09
1 56 Hx 0.25 -1.701386e-09 -1.116112e-09
1 57 Hx 0.25 -8.628351e-10 -7.669884e-10
1 58 Hx 0.25 -4.612419e-10 -5.337579e-10
1 59 Hx 0.25 -2.471737e-10 -3.718416e-10
1 60 Hx 0.25 -1.312695e-10 -2.590889e-10
1 61 Hx 0.25 -6.915785e-11 -1.817807e-10
1 62 Hx 0.25 -3.563788e-11 -1.284655e-10
1 63 Hx 0.25 -1.698728e-11 -9.085990e-11
1 64 Hx 0.25 -7.009878e-12 -6.458191e-11
1 65 Hx 0.25 -1.931971e-12 -4.632241e-11
1 66 Hx 0.25 4.808452e-13 -3.364317e-11
1 67 Hx 0.25 1.505760e-12 -2.479375e-11
1 68 Hx 0.25 1.843292e-12 -1.854982e-11
1 69 Hx 0.25 1.860442e-12 -1.407537e-11
1 70 Hx 0.25 1.740530e-12 -1.081065e-11
1 71 Hx 0.25 1.571346e-12 -8.385044e-12
1 72 Hx 0.25 1.393680e-12 -6.553100e-12
1 73 Hx 0.25 1.227649e-12 -5.173092e-12
1 74 Hx 0.25 1.088978e-12 -4.191176e-12
1 75 Hx 0.25 9.674912e-13 -3.390941e-12
1 76 Hx 0.25 8.606408e-13 -2.736460e-12
1 77 Hx 0.25 7.746362e-13 -2.261900e-12
1 78 Hx 0.25 6.978731e-13 -1.862278e-12
1 79 Hx 0.25 6.287683e-13 -1.524755e-12
1 80 Hx 0.25 5.710592e-13 -1.276715e-12
1 81 Hx 0.25 5.162975e-13 -1.051101e-12
1 82 Hx 0.25 4.687003e-13 -8.792352e-13
1 83 Hx 0.25 4.243175e-13 -7.285975e-13
1 84 Hx 0.25 3.842203e-13 -6.062638e-13
1 85 Hx 0.25 3.474750e-13 -5.036049e-13
1 86 Hx 0.25 3.135538e-13 -4.175240e-13
1 87 Hx 0.25 2.827127e-13 -3.461691e-13
1 88 Hx 0.25 2.543004e-13 -2.864256e-13
1 89 Hx 0.25 2.282350e-13 -2.357081e-13
1 90 Hx 0.25 2.047872e-13 -1.950567e-13
1 91 Hx 0.25 1.826289e-13 -1.581942e-13
1 92 Hx 0.25 1.638151e-13 -1.311571e-13
1 93 Hx 0.25 1.450012e-13 -1.041200e-13
1 94 Hx 0.25 1.300810e-13 -8.647248e-14
1 95 Hx 0.25 1.152808e-13 -6.911405e-14
1 96 Hx 0.25 1.023991e-13 -5.534910e-14
1 97 Hx 0.25 9.113637e-14 -4.461632e-14
1 98 Hx 0.25 7.987361e-14 -3.388354e-14
1 99 Hx 0.25 7.150008e-14 -2.753507e-14
1 100 Hx 0.25 6.315930e-14 -2.123629e-14
1 101 Hx 0.25 5.546225e-14 -1.578976e-14
1 1 Hy 0.25 2.879381e-11 -1.087677e-11
1 2 Hy 0.25 3.146555e-11 -1.367073e-11
1 3 Hy 0.25 3.426544e-11 -1.698378e-11
1 4 Hy 0.25 3.729905e-11 -2.124352e-11
1 5 Hy 0.25 4.033265e-11 -2.550326e-11
1 6 Hy 0.25 4.352627e-11 -3.116759e-11
1 7 Hy 0.25 4.677776e-11 -3.733984e-11
1 8 Hy 0.25 5.002821e-11 -4.410385e-11
1 9 Hy 0.25 5.327546e-11 -5.270375e-11
1 10 Hy 0.25 5.652272e-11 -6.130366e-11
1 11 Hy 0.25 5.949122e-11 -7.253591e-11
1 12 Hy 0.25 6.242018e-11 -8.414151e-11
1 13 Hy 0.25 6.486041e-11 -9.803672e-11
1 14 Hy 0.25 6.700674e-11 -1.133088e-10
1 15 Hy 0.25 6.850218e-11 -1.307054e-10
1 16 Hy 0.25 6.930383e-11 -1.503664e-10
1 17 Hy 0.25 6.917794e-11 -1.723576e-10
1 18 Hy 0.25 6.791415e-11 -1.972073e-10
1 19 Hy 0.25 6.514919e-11 -2.251745e-10
1 20 Hy 0.25 6.096686e-11 -2.560850e-10
1 21 Hy 0.25 5.410810e-11 -2.917538e-10
1 22 Hy 0.25 4.596035e-11 -3.297144e-10
1 23 Hy 0.25 3.307213e-11 -3.752388e-10
1 24 Hy 0.25 1.811411e-11 -4.238674e-10
1 25 Hy 0.25 -1.572785e-12 -4.794864e-10
1 26 Hy 0.25 -2.661783e-11 -5.426944e-10
1 27 Hy 0.25 -5.584576e-11 -6.117996e-10
1 28 Hy 0.25 -9.279325e-11 -6.917142e-10
1 29 Hy 0.25 -1.380975e-10 -7.835886e-10
1 30 Hy 0.25 -1.913041e-10 -8.871433e-10
1 31 Hy 0.25 -2.540102e-10 -1.005142e-09
1 32 Hy 0.25 -3.305839e-10 -1.145431e-09
1 33 Hy 0.25 -4.233138e-10 -1.313572e-09
1 34 Hy 0.25 -5.345260e-10 -1.515103e-09
1 35 Hy 0.25 -6.699590e-10 -1.761386e-09
1 36 Hy 0.25 -8.384761e-10 -2.068420e-09
1 37 Hy 0.25 -1.054180e-09 -2.458457e-09
1 38 Hy 0.25 -1.339764e-09 -2.961742e-09
1 39 Hy 0.25 -1.731512e-09 -3.618178e-09
1 40 Hy 0.25 -2.286496e-09 -4.478639e-09
1 41 Hy 0.25 -3.160586e-09 -5.665768e-09
1 42 Hy 0.25 -4.492289e-09 -7.229186e-09
1 43 Hy 0.25 -6.611887e-09 -9.302422e-09
1 44 Hy 0.25 -1.017198e-08 -1.208055e-08
1 45 Hy 0.25 -1.635977e-08 -1.575932e-08
1 46 Hy 0.25 -2.757061e-08 -2.060207e-08
1 47 Hy 0.25 -4.966418e-08 -2.705448e-08
1 48 Hy 0.25 -9.789871e-08 -3.587268e-08
1 49 Hy 0.25 -2.351698e-07 -4.921325e-08
1 50 Hy 0.25 -8.720844e-07 -7.460812e-08
1 51 Hy 0.25 -6.802260e-06 -1.347683e-07
1 52 Hy 0.25 -8.468992e-07 -6.994515e-08
1 53 Hy 0.25 -2.245642e-07 -4.559602e-08
1 54 Hy 0.25 -9.327627e-08 -3.335150e-08
1 55 Hy 0.25 -4.748019e-08 -2.536844e-08
1 56 Hy 0.25 -2.649317e-08 -1.950881e-08
1 57 Hy 0.25 -1.578266e-08 -1.506399e-08
1 58 Hy 0.25 -9.816994e-09 -1.164234e-08
1 59 Hy 0.25 -6.347727e-09 -9.021800e-09
1 60 Hy 0.25 -4.261991e-09 -7.039440e-09
1 61 Hy 0.25 -2.942738e-09 -5.526594e-09
1 62 Hy 0.25 -2.074862e-09 -4.365938e-09
1 63 Hy 0.25 -1.526252e-09 -3.515995e-09
1 64 Hy 0.25 -1.143125e-09 -2.863164e-09
1 65 Hy 0.25 -8.684681e-10 -2.360148e-09
1 66 Hy 0.25 -6.654342e-10 -1.969201e-09
1 67 Hy 0.25 -5.106084e-10 -1.661251e-09
1 68 Hy 0.25 -3.892449e-10 -1.414596e-09
1 69 Hy 0.25 -2.920051e-10 -1.213421e-09
1 70 Hy 0.25 -2.128416e-10 -1.046370e-09
1 71 Hy 0.25 -1.491529e-10 -9.079026e-10
1 72 Hy 0.25 -9.842439e-11 -7.923672e-10
1 73 Hy 0.25 -5.640752e-11 -6.916919e-10
1 74 Hy 0.25 -2.155523e-11 -6.030241e-10
1 75 Hy 0.25 5.828870e-12 -5.266318e-10
1 76 Hy 0.25 2.646827e-11 -4.612867e-10
1 77 Hy 0.25 4.350759e-11 -4.019454e-10
1 78 Hy 0.25 5.598281e-11 -3.503106e-10
1 79 Hy 0.25 6.455393e-11 -3.057155e-10
1 80 Hy 0.25 7.142858e-11 -2.642402e-10
1 81 Hy 0.25 7.454402e-11 -2.303029e-10
1 82 Hy 0.25 7.669296e-11 -1.986186e-10
1 83 Hy 0.25 7.683502e-11 -1.716121e-10
1 84 Hy 0.25 7.599353e-11 -1.474510e-10
1 85 Hy 0.25 7.411031e-11 -1.263035e-10
1 86 Hy 0.25 7.153259e-11 -1.078639e-10
1 87 Hy 0.25 6.838873e-11 -9.163176e-11
1 88 Hy 0.25 6.491153e-11 -7.749417e-11
1 89 Hy 0.25 6.112160e-11 -6.532170e-11
1 90 Hy 0.25 5.726109e-11 -5.438882e-11
1 91 Hy 0.25 5.328323e-11 -4.551724e-11
1 92 Hy 0.25 4.932491e-11 -3.697030e-11
1 93 Hy 0.25 4.550440e-11 -3.071226e-11
1 94 Hy 0.25 4.168390e-11 -2.445422e-11
1 95 Hy 0.25 3.814285e-11 -1.973396e-11
1 96 Hy 0.25 3.469188e-11 -1.550938e-11
1 97 Hy 0.25 3.137167e-11 -1.169099e-11
1 98 Hy 0.25 2.841306e-11 -8.995848e-12
1 99 Hy 0.25 2.545445e-11 -6.300710e-12
1 100 Hy 0.25 2.284670e-11 -4.324389e-12
1 101 Hy 0.25 2.043133e-11 -2.742213e-12
