iTx 	iRx    chrec  frequency/Hz    Real{E/H}     Imag{E/H}
1 	 1 	 Ex 	 0.25 	 -8.764244e-15 	 2.422070e-14
1 	 2 	 Ex 	 0.25 	 -8.153074e-15 	 2.725790e-14
1 	 3 	 Ex 	 0.25 	 -7.282692e-15 	 3.060137e-14
1 	 4 	 Ex 	 0.25 	 -6.231375e-15 	 3.415142e-14
1 	 5 	 Ex 	 0.25 	 -4.719402e-15 	 3.816313e-14
1 	 6 	 Ex 	 0.25 	 -2.866734e-15 	 4.247026e-14
1 	 7 	 Ex 	 0.25 	 -6.876102e-16 	 4.705317e-14
1 	 8 	 Ex 	 0.25 	 2.184289e-15 	 5.214167e-14
1 	 9 	 Ex 	 0.25 	 5.616663e-15 	 5.760362e-14
1 	 10 	 Ex 	 0.25 	 9.617292e-15 	 6.342014e-14
1 	 11 	 Ex 	 0.25 	 1.443617e-14 	 6.969841e-14
1 	 12 	 Ex 	 0.25 	 2.031119e-14 	 7.649443e-14
1 	 13 	 Ex 	 0.25 	 2.711397e-14 	 8.369410e-14
1 	 14 	 Ex 	 0.25 	 3.497402e-14 	 9.131698e-14
1 	 15 	 Ex 	 0.25 	 4.408253e-14 	 9.939224e-14
1 	 16 	 Ex 	 0.25 	 5.501827e-14 	 1.080285e-13
1 	 17 	 Ex 	 0.25 	 6.759336e-14 	 1.170872e-13
1 	 18 	 Ex 	 0.25 	 8.203123e-14 	 1.265626e-13
1 	 19 	 Ex 	 0.25 	 9.860162e-14 	 1.364392e-13
1 	 20 	 Ex 	 0.25 	 1.176125e-13 	 1.466900e-13
1 	 21 	 Ex 	 0.25 	 1.394007e-13 	 1.572773e-13
1 	 22 	 Ex 	 0.25 	 1.643557e-13 	 1.681493e-13
1 	 23 	 Ex 	 0.25 	 1.929114e-13 	 1.792409e-13
1 	 24 	 Ex 	 0.25 	 2.255694e-13 	 1.904704e-13
1 	 25 	 Ex 	 0.25 	 2.628728e-13 	 2.017481e-13
1 	 26 	 Ex 	 0.25 	 3.054330e-13 	 2.129789e-13
1 	 27 	 Ex 	 0.25 	 3.539121e-13 	 2.240760e-13
1 	 28 	 Ex 	 0.25 	 4.090973e-13 	 2.349594e-13
1 	 29 	 Ex 	 0.25 	 4.717850e-13 	 2.456310e-13
1 	 30 	 Ex 	 0.25 	 5.428505e-13 	 2.561829e-13
1 	 31 	 Ex 	 0.25 	 6.232493e-13 	 2.668847e-13
1 	 32 	 Ex 	 0.25 	 7.155145e-13 	 2.785330e-13
1 	 33 	 Ex 	 0.25 	 8.202642e-13 	 2.924733e-13
1 	 34 	 Ex 	 0.25 	 9.383181e-13 	 3.108277e-13
1 	 35 	 Ex 	 0.25 	 1.074072e-12 	 3.393859e-13
1 	 36 	 Ex 	 0.25 	 1.228568e-12 	 3.849735e-13
1 	 37 	 Ex 	 0.25 	 1.408386e-12 	 4.646063e-13
1 	 38 	 Ex 	 0.25 	 1.619617e-12 	 5.992930e-13
1 	 39 	 Ex 	 0.25 	 1.886206e-12 	 8.478923e-13
1 	 40 	 Ex 	 0.25 	 2.243296e-12 	 1.285341e-12
1 	 41 	 Ex 	 0.25 	 2.778747e-12 	 2.061333e-12
1 	 42 	 Ex 	 0.25 	 3.696641e-12 	 3.449971e-12
1 	 43 	 Ex 	 0.25 	 5.479792e-12 	 5.949385e-12
1 	 44 	 Ex 	 0.25 	 9.276909e-12 	 1.045161e-11
1 	 45 	 Ex 	 0.25 	 1.784222e-11 	 1.853489e-11
1 	 46 	 Ex 	 0.25 	 3.957562e-11 	 3.367475e-11
1 	 47 	 Ex 	 0.25 	 9.746225e-11 	 6.199094e-11
1 	 48 	 Ex 	 0.25 	 2.813936e-10 	 1.189671e-10
1 	 49 	 Ex 	 0.25 	 1.099414e-09 	 2.504472e-10
1 	 50 	 Ex 	 0.25 	 8.124109e-09 	 6.494416e-10
1 	 51 	 Ex 	 0.25 	 -8.039819e-08 	 1.504309e-09
1 	 52 	 Ex 	 0.25 	 8.160463e-09 	 6.501125e-10
1 	 53 	 Ex 	 0.25 	 1.091332e-09 	 2.481416e-10
1 	 54 	 Ex 	 0.25 	 2.787153e-10 	 1.171930e-10
1 	 55 	 Ex 	 0.25 	 9.684404e-11 	 6.086699e-11
1 	 56 	 Ex 	 0.25 	 3.964724e-11 	 3.303564e-11
1 	 57 	 Ex 	 0.25 	 1.809896e-11 	 1.821967e-11
1 	 58 	 Ex 	 0.25 	 9.527167e-12 	 1.033024e-11
1 	 59 	 Ex 	 0.25 	 5.669543e-12 	 5.935297e-12
1 	 60 	 Ex 	 0.25 	 3.820689e-12 	 3.487126e-12
1 	 61 	 Ex 	 0.25 	 2.849051e-12 	 2.116742e-12
1 	 62 	 Ex 	 0.25 	 2.275240e-12 	 1.341955e-12
1 	 63 	 Ex 	 0.25 	 1.892940e-12 	 8.980826e-13
1 	 64 	 Ex 	 0.25 	 1.610927e-12 	 6.405551e-13
1 	 65 	 Ex 	 0.25 	 1.391554e-12 	 4.971371e-13
1 	 66 	 Ex 	 0.25 	 1.207649e-12 	 4.099761e-13
1 	 67 	 Ex 	 0.25 	 1.051768e-12 	 3.583868e-13
1 	 68 	 Ex 	 0.25 	 9.160134e-13 	 3.251387e-13
1 	 69 	 Ex 	 0.25 	 7.987690e-13 	 3.032944e-13
1 	 70 	 Ex 	 0.25 	 6.951340e-13 	 2.866582e-13
1 	 71 	 Ex 	 0.25 	 6.041029e-13 	 2.729478e-13
1 	 72 	 Ex 	 0.25 	 5.249285e-13 	 2.606626e-13
1 	 73 	 Ex 	 0.25 	 4.550474e-13 	 2.488395e-13
1 	 74 	 Ex 	 0.25 	 3.934761e-13 	 2.371203e-13
1 	 75 	 Ex 	 0.25 	 3.393410e-13 	 2.253599e-13
1 	 76 	 Ex 	 0.25 	 2.918537e-13 	 2.135244e-13
1 	 77 	 Ex 	 0.25 	 2.502307e-13 	 2.016599e-13
1 	 78 	 Ex 	 0.25 	 2.138169e-13 	 1.898378e-13
1 	 79 	 Ex 	 0.25 	 1.820063e-13 	 1.781418e-13
1 	 80 	 Ex 	 0.25 	 1.542575e-13 	 1.666508e-13
1 	 81 	 Ex 	 0.25 	 1.300736e-13 	 1.554422e-13
1 	 82 	 Ex 	 0.25 	 1.090195e-13 	 1.445723e-13
1 	 83 	 Ex 	 0.25 	 9.070700e-14 	 1.340887e-13
1 	 84 	 Ex 	 0.25 	 7.479994e-14 	 1.240262e-13
1 	 85 	 Ex 	 0.25 	 6.099113e-14 	 1.144058e-13
1 	 86 	 Ex 	 0.25 	 4.901189e-14 	 1.052378e-13
1 	 87 	 Ex 	 0.25 	 3.863949e-14 	 9.652445e-14
1 	 88 	 Ex 	 0.25 	 3.005326e-14 	 8.840870e-14
1 	 89 	 Ex 	 0.25 	 2.268321e-14 	 8.077133e-14
1 	 90 	 Ex 	 0.25 	 1.634089e-14 	 7.357866e-14
1 	 91 	 Ex 	 0.25 	 1.089851e-14 	 6.680835e-14
1 	 92 	 Ex 	 0.25 	 6.476688e-15 	 6.057754e-14
1 	 93 	 Ex 	 0.25 	 2.841411e-15 	 5.482462e-14
1 	 94 	 Ex 	 0.25 	 -2.507656e-16 	 4.943767e-14
1 	 95 	 Ex 	 0.25 	 -2.809474e-15 	 4.443554e-14
1 	 96 	 Ex 	 0.25 	 -4.710021e-15 	 3.994875e-14
1 	 97 	 Ex 	 0.25 	 -6.303129e-15 	 3.574255e-14
1 	 98 	 Ex 	 0.25 	 -7.575938e-15 	 3.183682e-14
1 	 99 	 Ex 	 0.25 	 -8.419229e-15 	 2.839796e-14
1 	 100 	 Ex 	 0.25 	 -9.095334e-15 	 2.516717e-14
1 	 101 	 Ex 	 0.25 	 -9.532541e-15 	 2.224456e-14
1 	 1 	 Ey 	 0.25 	 3.730194e-17 	 -4.166052e-17
1 	 2 	 Ey 	 0.25 	 3.834451e-17 	 -5.001023e-17
1 	 3 	 Ey 	 0.25 	 3.903011e-17 	 -5.938399e-17
1 	 4 	 Ey 	 0.25 	 3.893601e-17 	 -7.045805e-17
1 	 5 	 Ey 	 0.25 	 3.833250e-17 	 -8.250759e-17
1 	 6 	 Ey 	 0.25 	 3.688150e-17 	 -9.609929e-17
1 	 7 	 Ey 	 0.25 	 3.416227e-17 	 -1.117525e-16
1 	 8 	 Ey 	 0.25 	 3.044125e-17 	 -1.289683e-16
1 	 9 	 Ey 	 0.25 	 2.537774e-17 	 -1.482383e-16
1 	 10 	 Ey 	 0.25 	 1.788538e-17 	 -1.703760e-16
1 	 11 	 Ey 	 0.25 	 8.376272e-18 	 -1.946684e-16
1 	 12 	 Ey 	 0.25 	 -3.468782e-18 	 -2.213139e-16
1 	 13 	 Ey 	 0.25 	 -1.864522e-17 	 -2.509861e-16
1 	 14 	 Ey 	 0.25 	 -3.837357e-17 	 -2.847567e-16
1 	 15 	 Ey 	 0.25 	 -6.237356e-17 	 -3.219291e-16
1 	 16 	 Ey 	 0.25 	 -9.142099e-17 	 -3.629505e-16
1 	 17 	 Ey 	 0.25 	 -1.265331e-16 	 -4.085119e-16
1 	 18 	 Ey 	 0.25 	 -1.692401e-16 	 -4.597558e-16
1 	 19 	 Ey 	 0.25 	 -2.219757e-16 	 -5.174406e-16
1 	 20 	 Ey 	 0.25 	 -2.854579e-16 	 -5.826397e-16
1 	 21 	 Ey 	 0.25 	 -3.613656e-16 	 -6.560954e-16
1 	 22 	 Ey 	 0.25 	 -4.520548e-16 	 -7.393924e-16
1 	 23 	 Ey 	 0.25 	 -5.603404e-16 	 -8.345914e-16
1 	 24 	 Ey 	 0.25 	 -6.896730e-16 	 -9.446364e-16
1 	 25 	 Ey 	 0.25 	 -8.431469e-16 	 -1.072709e-15
1 	 26 	 Ey 	 0.25 	 -1.025964e-15 	 -1.224646e-15
1 	 27 	 Ey 	 0.25 	 -1.243475e-15 	 -1.408155e-15
1 	 28 	 Ey 	 0.25 	 -1.501374e-15 	 -1.633706e-15
1 	 29 	 Ey 	 0.25 	 -1.806439e-15 	 -1.917139e-15
1 	 30 	 Ey 	 0.25 	 -2.181748e-15 	 -2.299747e-15
1 	 31 	 Ey 	 0.25 	 -2.633568e-15 	 -2.813022e-15
1 	 32 	 Ey 	 0.25 	 -3.189316e-15 	 -3.518862e-15
1 	 33 	 Ey 	 0.25 	 -3.887990e-15 	 -4.508826e-15
1 	 34 	 Ey 	 0.25 	 -4.855887e-15 	 -6.023473e-15
1 	 35 	 Ey 	 0.25 	 -6.185027e-15 	 -8.212161e-15
1 	 36 	 Ey 	 0.25 	 -8.207608e-15 	 -1.157296e-14
1 	 37 	 Ey 	 0.25 	 -1.136243e-14 	 -1.661874e-14
1 	 38 	 Ey 	 0.25 	 -1.673985e-14 	 -2.450828e-14
1 	 39 	 Ey 	 0.25 	 -2.581153e-14 	 -3.643618e-14
1 	 40 	 Ey 	 0.25 	 -4.197897e-14 	 -5.494675e-14
1 	 41 	 Ey 	 0.25 	 -7.197824e-14 	 -8.409606e-14
1 	 42 	 Ey 	 0.25 	 -1.281077e-13 	 -1.297827e-13
1 	 43 	 Ey 	 0.25 	 -2.364904e-13 	 -2.024423e-13
1 	 44 	 Ey 	 0.25 	 -4.556717e-13 	 -3.208003e-13
1 	 45 	 Ey 	 0.25 	 -9.470187e-13 	 -5.254282e-13
1 	 46 	 Ey 	 0.25 	 -2.106913e-12 	 -8.884522e-13
1 	 47 	 Ey 	 0.25 	 -5.506402e-12 	 -1.621706e-12
1 	 48 	 Ey 	 0.25 	 -1.815100e-11 	 -3.329189e-12
1 	 49 	 Ey 	 0.25 	 -9.337069e-11 	 -8.633891e-12
1 	 50 	 Ey 	 0.25 	 -1.309543e-09 	 -3.749377e-11
1 	 51 	 Ey 	 0.25 	 3.825099e-11 	 2.417361e-12
1 	 52 	 Ey 	 0.25 	 1.316257e-09 	 3.671727e-11
1 	 53 	 Ey 	 0.25 	 9.315636e-11 	 8.333391e-12
1 	 54 	 Ey 	 0.25 	 1.813144e-11 	 3.204697e-12
1 	 55 	 Ey 	 0.25 	 5.529758e-12 	 1.567033e-12
1 	 56 	 Ey 	 0.25 	 2.132074e-12 	 8.651111e-13
1 	 57 	 Ey 	 0.25 	 9.662154e-13 	 5.166694e-13
1 	 58 	 Ey 	 0.25 	 4.686801e-13 	 3.189332e-13
1 	 59 	 Ey 	 0.25 	 2.447823e-13 	 2.034994e-13
1 	 60 	 Ey 	 0.25 	 1.331017e-13 	 1.318576e-13
1 	 61 	 Ey 	 0.25 	 7.480180e-14 	 8.631105e-14
1 	 62 	 Ey 	 0.25 	 4.341009e-14 	 5.690776e-14
1 	 63 	 Ey 	 0.25 	 2.642744e-14 	 3.803139e-14
1 	 64 	 Ey 	 0.25 	 1.688115e-14 	 2.573638e-14
1 	 65 	 Ey 	 0.25 	 1.124311e-14 	 1.753087e-14
1 	 66 	 Ey 	 0.25 	 7.972760e-15 	 1.223717e-14
1 	 67 	 Ey 	 0.25 	 5.900290e-15 	 8.683757e-15
1 	 68 	 Ey 	 0.25 	 4.571297e-15 	 6.356814e-15
1 	 69 	 Ey 	 0.25 	 3.620253e-15 	 4.738955e-15
1 	 70 	 Ey 	 0.25 	 2.947775e-15 	 3.678759e-15
1 	 71 	 Ey 	 0.25 	 2.420911e-15 	 2.923393e-15
1 	 72 	 Ey 	 0.25 	 1.994887e-15 	 2.373830e-15
1 	 73 	 Ey 	 0.25 	 1.644841e-15 	 1.966594e-15
1 	 74 	 Ey 	 0.25 	 1.360556e-15 	 1.666319e-15
1 	 75 	 Ey 	 0.25 	 1.119893e-15 	 1.428007e-15
1 	 76 	 Ey 	 0.25 	 9.182894e-16 	 1.236021e-15
1 	 77 	 Ey 	 0.25 	 7.483415e-16 	 1.077371e-15
1 	 78 	 Ey 	 0.25 	 6.060517e-16 	 9.444703e-16
1 	 79 	 Ey 	 0.25 	 4.866441e-16 	 8.308445e-16
1 	 80 	 Ey 	 0.25 	 3.865722e-16 	 7.322614e-16
1 	 81 	 Ey 	 0.25 	 3.032648e-16 	 6.462841e-16
1 	 82 	 Ey 	 0.25 	 2.338905e-16 	 5.706825e-16
1 	 83 	 Ey 	 0.25 	 1.764143e-16 	 5.040528e-16
1 	 84 	 Ey 	 0.25 	 1.288486e-16 	 4.450284e-16
1 	 85 	 Ey 	 0.25 	 9.103029e-17 	 3.932775e-16
1 	 86 	 Ey 	 0.25 	 6.006708e-17 	 3.466948e-16
1 	 87 	 Ey 	 0.25 	 3.486656e-17 	 3.050698e-16
1 	 88 	 Ey 	 0.25 	 1.445661e-17 	 2.677548e-16
1 	 89 	 Ey 	 0.25 	 -1.984353e-18 	 2.340714e-16
1 	 90 	 Ey 	 0.25 	 -1.428129e-17 	 2.042784e-16
1 	 91 	 Ey 	 0.25 	 -2.347706e-17 	 1.779115e-16
1 	 92 	 Ey 	 0.25 	 -3.055080e-17 	 1.539473e-16
1 	 93 	 Ey 	 0.25 	 -3.581705e-17 	 1.321110e-16
1 	 94 	 Ey 	 0.25 	 -3.893510e-17 	 1.133572e-16
1 	 95 	 Ey 	 0.25 	 -4.090893e-17 	 9.669230e-17
1 	 96 	 Ey 	 0.25 	 -4.203398e-17 	 8.163149e-17
1 	 97 	 Ey 	 0.25 	 -4.209877e-17 	 6.872829e-17
1 	 98 	 Ey 	 0.25 	 -4.146453e-17 	 5.742666e-17
1 	 99 	 Ey 	 0.25 	 -4.041594e-17 	 4.713335e-17
1 	 100 	 Ey 	 0.25 	 -3.875809e-17 	 3.857837e-17
1 	 101 	 Ey 	 0.25 	 -3.684138e-17 	 3.104537e-17
1 	 1 	 Hx 	 0.25 	 -1.236445e-14 	 2.435364e-14
1 	 2 	 Hx 	 0.25 	 -1.322472e-14 	 2.685579e-14
1 	 3 	 Hx 	 0.25 	 -1.414957e-14 	 2.962237e-14
1 	 4 	 Hx 	 0.25 	 -1.521386e-14 	 3.301230e-14
1 	 5 	 Hx 	 0.25 	 -1.635194e-14 	 3.676850e-14
1 	 6 	 Hx 	 0.25 	 -1.760248e-14 	 4.110964e-14
1 	 7 	 Hx 	 0.25 	 -1.898931e-14 	 4.632663e-14
1 	 8 	 Hx 	 0.25 	 -2.040575e-14 	 5.214308e-14
1 	 9 	 Hx 	 0.25 	 -2.181463e-14 	 5.870695e-14
1 	 10 	 Hx 	 0.25 	 -2.335577e-14 	 6.681047e-14
1 	 11 	 Hx 	 0.25 	 -2.497743e-14 	 7.613405e-14
1 	 12 	 Hx 	 0.25 	 -2.666727e-14 	 8.686456e-14
1 	 13 	 Hx 	 0.25 	 -2.839191e-14 	 9.960799e-14
1 	 14 	 Hx 	 0.25 	 -3.015305e-14 	 1.149404e-13
1 	 15 	 Hx 	 0.25 	 -3.184725e-14 	 1.327861e-13
1 	 16 	 Hx 	 0.25 	 -3.342949e-14 	 1.536104e-13
1 	 17 	 Hx 	 0.25 	 -3.484907e-14 	 1.779797e-13
1 	 18 	 Hx 	 0.25 	 -3.599828e-14 	 2.066882e-13
1 	 19 	 Hx 	 0.25 	 -3.678257e-14 	 2.413838e-13
1 	 20 	 Hx 	 0.25 	 -3.702627e-14 	 2.823455e-13
1 	 21 	 Hx 	 0.25 	 -3.660521e-14 	 3.309479e-13
1 	 22 	 Hx 	 0.25 	 -3.536535e-14 	 3.888672e-13
1 	 23 	 Hx 	 0.25 	 -3.317954e-14 	 4.582643e-13
1 	 24 	 Hx 	 0.25 	 -2.988412e-14 	 5.419309e-13
1 	 25 	 Hx 	 0.25 	 -2.534409e-14 	 6.435508e-13
1 	 26 	 Hx 	 0.25 	 -1.949726e-14 	 7.680046e-13
1 	 27 	 Hx 	 0.25 	 -1.238966e-14 	 9.217102e-13
1 	 28 	 Hx 	 0.25 	 -3.838013e-15 	 1.113566e-12
1 	 29 	 Hx 	 0.25 	 6.621761e-15 	 1.355939e-12
1 	 30 	 Hx 	 0.25 	 2.047331e-14 	 1.676998e-12
1 	 31 	 Hx 	 0.25 	 4.003188e-14 	 2.096140e-12
1 	 32 	 Hx 	 0.25 	 7.046210e-14 	 2.648403e-12
1 	 33 	 Hx 	 0.25 	 1.220199e-13 	 3.384556e-12
1 	 34 	 Hx 	 0.25 	 2.250338e-13 	 4.432457e-12
1 	 35 	 Hx 	 0.25 	 4.122978e-13 	 5.853926e-12
1 	 36 	 Hx 	 0.25 	 7.812290e-13 	 7.881837e-12
1 	 37 	 Hx 	 0.25 	 1.463324e-12 	 1.072686e-11
1 	 38 	 Hx 	 0.25 	 2.780717e-12 	 1.486200e-11
1 	 39 	 Hx 	 0.25 	 5.155250e-12 	 2.071561e-11
1 	 40 	 Hx 	 0.25 	 9.517451e-12 	 2.918502e-11
1 	 41 	 Hx 	 0.25 	 1.761014e-11 	 4.155543e-11
1 	 42 	 Hx 	 0.25 	 3.232602e-11 	 5.942858e-11
1 	 43 	 Hx 	 0.25 	 5.926368e-11 	 8.530548e-11
1 	 44 	 Hx 	 0.25 	 1.094816e-10 	 1.229041e-10
1 	 45 	 Hx 	 0.25 	 2.090302e-10 	 1.786730e-10
1 	 46 	 Hx 	 0.25 	 4.096697e-10 	 2.605989e-10
1 	 47 	 Hx 	 0.25 	 8.759437e-10 	 3.869894e-10
1 	 48 	 Hx 	 0.25 	 2.133728e-09 	 5.905153e-10
1 	 49 	 Hx 	 0.25 	 6.722546e-09 	 9.558115e-10
1 	 50 	 Hx 	 0.25 	 3.597423e-08 	 1.715131e-09
1 	 51 	 Hx 	 0.25 	 8.239581e-10 	 -4.353451e-11
1 	 52 	 Hx 	 0.25 	 -3.545691e-08 	 -1.726520e-09
1 	 53 	 Hx 	 0.25 	 -6.694609e-09 	 -9.610508e-10
1 	 54 	 Hx 	 0.25 	 -2.130770e-09 	 -5.926138e-10
1 	 55 	 Hx 	 0.25 	 -8.770837e-10 	 -3.878725e-10
1 	 56 	 Hx 	 0.25 	 -4.114720e-10 	 -2.610444e-10
1 	 57 	 Hx 	 0.25 	 -2.106410e-10 	 -1.789961e-10
1 	 58 	 Hx 	 0.25 	 -1.107299e-10 	 -1.232104e-10
1 	 59 	 Hx 	 0.25 	 -6.015441e-11 	 -8.561182e-11
1 	 60 	 Hx 	 0.25 	 -3.292243e-11 	 -5.972488e-11
1 	 61 	 Hx 	 0.25 	 -1.798095e-11 	 -4.182447e-11
1 	 62 	 Hx 	 0.25 	 -9.724564e-12 	 -2.941394e-11
1 	 63 	 Hx 	 0.25 	 -5.251342e-12 	 -2.089855e-11
1 	 64 	 Hx 	 0.25 	 -2.805531e-12 	 -1.499945e-11
1 	 65 	 Hx 	 0.25 	 -1.444552e-12 	 -1.082271e-11
1 	 66 	 Hx 	 0.25 	 -7.397034e-13 	 -7.942372e-12
1 	 67 	 Hx 	 0.25 	 -3.611292e-13 	 -5.885964e-12
1 	 68 	 Hx 	 0.25 	 -1.731024e-13 	 -4.443056e-12
1 	 69 	 Hx 	 0.25 	 -7.414207e-14 	 -3.379447e-12
1 	 70 	 Hx 	 0.25 	 -2.930556e-14 	 -2.633075e-12
1 	 71 	 Hx 	 0.25 	 -6.320475e-15 	 -2.074277e-12
1 	 72 	 Hx 	 0.25 	 5.682913e-15 	 -1.651655e-12
1 	 73 	 Hx 	 0.25 	 1.254277e-14 	 -1.329331e-12
1 	 74 	 Hx 	 0.25 	 1.712594e-14 	 -1.087264e-12
1 	 75 	 Hx 	 0.25 	 2.057249e-14 	 -8.968363e-13
1 	 76 	 Hx 	 0.25 	 2.354405e-14 	 -7.451409e-13
1 	 77 	 Hx 	 0.25 	 2.606079e-14 	 -6.230160e-13
1 	 78 	 Hx 	 0.25 	 2.807335e-14 	 -5.238384e-13
1 	 79 	 Hx 	 0.25 	 2.949740e-14 	 -4.426952e-13
1 	 80 	 Hx 	 0.25 	 3.035788e-14 	 -3.758410e-13
1 	 81 	 Hx 	 0.25 	 3.074153e-14 	 -3.203761e-13
1 	 82 	 Hx 	 0.25 	 3.070028e-14 	 -2.740524e-13
1 	 83 	 Hx 	 0.25 	 3.033903e-14 	 -2.351680e-13
1 	 84 	 Hx 	 0.25 	 2.971215e-14 	 -2.023670e-13
1 	 85 	 Hx 	 0.25 	 2.893075e-14 	 -1.753326e-13
1 	 86 	 Hx 	 0.25 	 2.799258e-14 	 -1.524998e-13
1 	 87 	 Hx 	 0.25 	 2.701633e-14 	 -1.330128e-13
1 	 88 	 Hx 	 0.25 	 2.602248e-14 	 -1.163130e-13
1 	 89 	 Hx 	 0.25 	 2.502190e-14 	 -1.019594e-13
1 	 90 	 Hx 	 0.25 	 2.410234e-14 	 -9.000631e-14
1 	 91 	 Hx 	 0.25 	 2.321737e-14 	 -7.991456e-14
1 	 92 	 Hx 	 0.25 	 2.239328e-14 	 -7.109812e-14
1 	 93 	 Hx 	 0.25 	 2.163810e-14 	 -6.337407e-14
1 	 94 	 Hx 	 0.25 	 2.097800e-14 	 -5.700130e-14
1 	 95 	 Hx 	 0.25 	 2.024699e-14 	 -5.128992e-14
1 	 96 	 Hx 	 0.25 	 1.949677e-14 	 -4.610692e-14
1 	 97 	 Hx 	 0.25 	 1.881661e-14 	 -4.169051e-14
1 	 98 	 Hx 	 0.25 	 1.818756e-14 	 -3.777446e-14
1 	 99 	 Hx 	 0.25 	 1.759277e-14 	 -3.417274e-14
1 	 100 	 Hx 	 0.25 	 1.706550e-14 	 -3.111009e-14
1 	 101 	 Hx 	 0.25 	 1.655831e-14 	 -2.827306e-14
1 	 1 	 Hy 	 0.25 	 3.187062e-11 	 -2.089862e-11
1 	 2 	 Hy 	 0.25 	 3.427005e-11 	 -2.491445e-11
1 	 3 	 Hy 	 0.25 	 3.671375e-11 	 -2.953826e-11
1 	 4 	 Hy 	 0.25 	 3.918128e-11 	 -3.457847e-11
1 	 5 	 Hy 	 0.25 	 4.164604e-11 	 -4.060707e-11
1 	 6 	 Hy 	 0.25 	 4.406223e-11 	 -4.731929e-11
1 	 7 	 Hy 	 0.25 	 4.642493e-11 	 -5.467857e-11
1 	 8 	 Hy 	 0.25 	 4.859816e-11 	 -6.332339e-11
1 	 9 	 Hy 	 0.25 	 5.057395e-11 	 -7.297241e-11
1 	 10 	 Hy 	 0.25 	 5.232680e-11 	 -8.361429e-11
1 	 11 	 Hy 	 0.25 	 5.371248e-11 	 -9.563458e-11
1 	 12 	 Hy 	 0.25 	 5.454379e-11 	 -1.093560e-10
1 	 13 	 Hy 	 0.25 	 5.483789e-11 	 -1.245213e-10
1 	 14 	 Hy 	 0.25 	 5.448144e-11 	 -1.412957e-10
1 	 15 	 Hy 	 0.25 	 5.330576e-11 	 -1.599233e-10
1 	 16 	 Hy 	 0.25 	 5.083225e-11 	 -1.811679e-10
1 	 17 	 Hy 	 0.25 	 4.711094e-11 	 -2.046829e-10
1 	 18 	 Hy 	 0.25 	 4.190927e-11 	 -2.307255e-10
1 	 19 	 Hy 	 0.25 	 3.493618e-11 	 -2.595887e-10
1 	 20 	 Hy 	 0.25 	 2.585079e-11 	 -2.916026e-10
1 	 21 	 Hy 	 0.25 	 1.427340e-11 	 -3.271368e-10
1 	 22 	 Hy 	 0.25 	 -2.435660e-13 	 -3.666118e-10
1 	 23 	 Hy 	 0.25 	 -1.820375e-11 	 -4.105090e-10
1 	 24 	 Hy 	 0.25 	 -4.019721e-11 	 -4.593857e-10
1 	 25 	 Hy 	 0.25 	 -6.686387e-11 	 -5.138946e-10
1 	 26 	 Hy 	 0.25 	 -9.892753e-11 	 -5.748158e-10
1 	 27 	 Hy 	 0.25 	 -1.371824e-10 	 -6.430994e-10
1 	 28 	 Hy 	 0.25 	 -1.825657e-10 	 -7.199409e-10
1 	 29 	 Hy 	 0.25 	 -2.360599e-10 	 -8.068333e-10
1 	 30 	 Hy 	 0.25 	 -2.988006e-10 	 -9.056981e-10
1 	 31 	 Hy 	 0.25 	 -3.721135e-10 	 -1.019021e-09
1 	 32 	 Hy 	 0.25 	 -4.594301e-10 	 -1.152893e-09
1 	 33 	 Hy 	 0.25 	 -5.624428e-10 	 -1.311463e-09
1 	 34 	 Hy 	 0.25 	 -6.835699e-10 	 -1.500090e-09
1 	 35 	 Hy 	 0.25 	 -8.317421e-10 	 -1.735103e-09
1 	 36 	 Hy 	 0.25 	 -1.012546e-09 	 -2.026068e-09
1 	 37 	 Hy 	 0.25 	 -1.243592e-09 	 -2.399525e-09
1 	 38 	 Hy 	 0.25 	 -1.542254e-09 	 -2.875873e-09
1 	 39 	 Hy 	 0.25 	 -1.960370e-09 	 -3.512720e-09
1 	 40 	 Hy 	 0.25 	 -2.553433e-09 	 -4.349730e-09
1 	 41 	 Hy 	 0.25 	 -3.432127e-09 	 -5.460162e-09
1 	 42 	 Hy 	 0.25 	 -4.788158e-09 	 -6.939420e-09
1 	 43 	 Hy 	 0.25 	 -6.957010e-09 	 -8.906085e-09
1 	 44 	 Hy 	 0.25 	 -1.053667e-08 	 -1.150185e-08
1 	 45 	 Hy 	 0.25 	 -1.662802e-08 	 -1.489412e-08
1 	 46 	 Hy 	 0.25 	 -2.789632e-08 	 -1.937025e-08
1 	 47 	 Hy 	 0.25 	 -4.987197e-08 	 -2.525781e-08
1 	 48 	 Hy 	 0.25 	 -9.941686e-08 	 -3.333797e-08
1 	 49 	 Hy 	 0.25 	 -2.429730e-07 	 -4.556162e-08
1 	 50 	 Hy 	 0.25 	 -9.976687e-07 	 -6.979012e-08
1 	 51 	 Hy 	 0.25 	 -1.197102e-05 	 -1.446301e-07
1 	 52 	 Hy 	 0.25 	 -9.834380e-07 	 -6.936583e-08
1 	 53 	 Hy 	 0.25 	 -2.420563e-07 	 -4.584497e-08
1 	 54 	 Hy 	 0.25 	 -9.942018e-08 	 -3.379614e-08
1 	 55 	 Hy 	 0.25 	 -5.002299e-08 	 -2.571772e-08
1 	 56 	 Hy 	 0.25 	 -2.803815e-08 	 -1.976381e-08
1 	 57 	 Hy 	 0.25 	 -1.672066e-08 	 -1.520212e-08
1 	 58 	 Hy 	 0.25 	 -1.057976e-08 	 -1.172854e-08
1 	 59 	 Hy 	 0.25 	 -6.962609e-09 	 -9.065037e-09
1 	 60 	 Hy 	 0.25 	 -4.769316e-09 	 -7.046081e-09
1 	 61 	 Hy 	 0.25 	 -3.399182e-09 	 -5.528372e-09
1 	 62 	 Hy 	 0.25 	 -2.513468e-09 	 -4.390453e-09
1 	 63 	 Hy 	 0.25 	 -1.917847e-09 	 -3.534072e-09
1 	 64 	 Hy 	 0.25 	 -1.499867e-09 	 -2.883664e-09
1 	 65 	 Hy 	 0.25 	 -1.202977e-09 	 -2.398236e-09
1 	 66 	 Hy 	 0.25 	 -9.744496e-10 	 -2.018453e-09
1 	 67 	 Hy 	 0.25 	 -7.965554e-10 	 -1.723290e-09
1 	 68 	 Hy 	 0.25 	 -6.513971e-10 	 -1.485461e-09
1 	 69 	 Hy 	 0.25 	 -5.332464e-10 	 -1.295111e-09
1 	 70 	 Hy 	 0.25 	 -4.330945e-10 	 -1.135488e-09
1 	 71 	 Hy 	 0.25 	 -3.484746e-10 	 -1.001077e-09
1 	 72 	 Hy 	 0.25 	 -2.776615e-10 	 -8.876088e-10
1 	 73 	 Hy 	 0.25 	 -2.172398e-10 	 -7.888468e-10
1 	 74 	 Hy 	 0.25 	 -1.658855e-10 	 -7.022404e-10
1 	 75 	 Hy 	 0.25 	 -1.224696e-10 	 -6.258202e-10
1 	 76 	 Hy 	 0.25 	 -8.601586e-11 	 -5.580597e-10
1 	 77 	 Hy 	 0.25 	 -5.559948e-11 	 -4.977286e-10
1 	 78 	 Hy 	 0.25 	 -3.043603e-11 	 -4.438586e-10
1 	 79 	 Hy 	 0.25 	 -9.810902e-12 	 -3.956529e-10
1 	 80 	 Hy 	 0.25 	 6.906544e-12 	 -3.524477e-10
1 	 81 	 Hy 	 0.25 	 2.029633e-11 	 -3.136740e-10
1 	 82 	 Hy 	 0.25 	 3.085424e-11 	 -2.788440e-10
1 	 83 	 Hy 	 0.25 	 3.901959e-11 	 -2.475310e-10
1 	 84 	 Hy 	 0.25 	 4.516570e-11 	 -2.193621e-10
1 	 85 	 Hy 	 0.25 	 4.962481e-11 	 -1.940026e-10
1 	 86 	 Hy 	 0.25 	 5.267984e-11 	 -1.711560e-10
1 	 87 	 Hy 	 0.25 	 5.455805e-11 	 -1.505643e-10
1 	 88 	 Hy 	 0.25 	 5.522185e-11 	 -1.325655e-10
1 	 89 	 Hy 	 0.25 	 5.512700e-11 	 -1.163989e-10
1 	 90 	 Hy 	 0.25 	 5.443474e-11 	 -1.018204e-10
1 	 91 	 Hy 	 0.25 	 5.325343e-11 	 -8.866503e-11
1 	 92 	 Hy 	 0.25 	 5.157531e-11 	 -7.718237e-11
1 	 93 	 Hy 	 0.25 	 4.957800e-11 	 -6.705107e-11
1 	 94 	 Hy 	 0.25 	 4.739307e-11 	 -5.789069e-11
1 	 95 	 Hy 	 0.25 	 4.504696e-11 	 -4.971064e-11
1 	 96 	 Hy 	 0.25 	 4.255541e-11 	 -4.278191e-11
1 	 97 	 Hy 	 0.25 	 4.003295e-11 	 -3.648066e-11
1 	 98 	 Hy 	 0.25 	 3.748587e-11 	 -3.084190e-11
1 	 99 	 Hy 	 0.25 	 3.496961e-11 	 -2.615699e-11
1 	 100 	 Hy 	 0.25 	 3.249081e-11 	 -2.187272e-11
1 	 101 	 Hy 	 0.25 	 3.007599e-11 	 -1.817297e-11
