iTx 	 iRx    chrec  frequency/Hz 	 Real{E/H} Imag{E/H}
1 	 1 	 Ex 	 0.25 	 -7.349062e-15 	 -2.527080e-14
1 	 2 	 Ex 	 0.25 	 -6.532679e-15 	 -2.834532e-14
1 	 3 	 Ex 	 0.25 	 -5.451795e-15 	 -3.170545e-14
1 	 4 	 Ex 	 0.25 	 -4.060902e-15 	 -3.536946e-14
1 	 5 	 Ex 	 0.25 	 -2.309093e-15 	 -3.935555e-14
1 	 6 	 Ex 	 0.25 	 -1.388204e-16 	 -4.368184e-14
1 	 7 	 Ex 	 0.25 	 2.514932e-15 	 -4.836591e-14
1 	 8 	 Ex 	 0.25 	 5.725590e-15 	 -5.342454e-14
1 	 9 	 Ex 	 0.25 	 9.576030e-15 	 -5.887318e-14
1 	 10 	 Ex 	 0.25 	 1.415973e-14 	 -6.472555e-14
1 	 11 	 Ex 	 0.25 	 1.958208e-14 	 -7.099301e-14
1 	 12 	 Ex 	 0.25 	 2.596179e-14 	 -7.768394e-14
1 	 13 	 Ex 	 0.25 	 3.343252e-14 	 -8.480306e-14
1 	 14 	 Ex 	 0.25 	 4.214468e-14 	 -9.235064e-14
1 	 15 	 Ex 	 0.25 	 5.226748e-14 	 -1.003215e-13
1 	 16 	 Ex 	 0.25 	 6.399133e-14 	 -1.087041e-13
1 	 17 	 Ex 	 0.25 	 7.753057e-14 	 -1.174790e-13
1 	 18 	 Ex 	 0.25 	 9.312669e-14 	 -1.266181e-13
1 	 19 	 Ex 	 0.25 	 1.110520e-13 	 -1.360827e-13
1 	 20 	 Ex 	 0.25 	 1.316138e-13 	 -1.458227e-13
1 	 21 	 Ex 	 0.25 	 1.551600e-13 	 -1.557749e-13
1 	 22 	 Ex 	 0.25 	 1.820842e-13 	 -1.658620e-13
1 	 23 	 Ex 	 0.25 	 2.128335e-13 	 -1.759919e-13
1 	 24 	 Ex 	 0.25 	 2.479157e-13 	 -1.860580e-13
1 	 25 	 Ex 	 0.25 	 2.879095e-13 	 -1.959400e-13
1 	 26 	 Ex 	 0.25 	 3.334753e-13 	 -2.055091e-13
1 	 27 	 Ex 	 0.25 	 3.853681e-13 	 -2.146371e-13
1 	 28 	 Ex 	 0.25 	 4.444539e-13 	 -2.232140e-13
1 	 29 	 Ex 	 0.25 	 5.117288e-13 	 -2.311805e-13
1 	 30 	 Ex 	 0.25 	 5.883443e-13 	 -2.385853e-13
1 	 31 	 Ex 	 0.25 	 6.756417e-13 	 -2.456832e-13
1 	 32 	 Ex 	 0.25 	 7.752029e-13 	 -2.531053e-13
1 	 33 	 Ex 	 0.25 	 8.889325e-13 	 -2.621522e-13
1 	 34 	 Ex 	 0.25 	 1.019204e-12 	 -2.752987e-13
1 	 35 	 Ex 	 0.25 	 1.169136e-12 	 -2.970744e-13
1 	 36 	 Ex 	 0.25 	 1.343151e-12 	 -3.356053e-13
1 	 37 	 Ex 	 0.25 	 1.548148e-12 	 -4.053438e-13
1 	 38 	 Ex 	 0.25 	 1.796042e-12 	 -5.319359e-13
1 	 39 	 Ex 	 0.25 	 2.109374e-12 	 -7.609664e-13
1 	 40 	 Ex 	 0.25 	 2.533928e-12 	 -1.173755e-12
1 	 41 	 Ex 	 0.25 	 3.167633e-12 	 -1.916041e-12
1 	 42 	 Ex 	 0.25 	 4.228214e-12 	 -3.250415e-12
1 	 43 	 Ex 	 0.25 	 6.216883e-12 	 -5.653216e-12
1 	 44 	 Ex 	 0.25 	 1.033499e-11 	 -9.997673e-12
1 	 45 	 Ex 	 0.25 	 1.963399e-11 	 -1.791549e-11
1 	 46 	 Ex 	 0.25 	 4.264870e-11 	 -3.257033e-11
1 	 47 	 Ex 	 0.25 	 1.079457e-10 	 -6.055234e-11
1 	 48 	 Ex 	 0.25 	 3.497962e-10 	 -1.176299e-10
1 	 49 	 Ex 	 0.25 	 1.814370e-09 	 -2.530916e-10
1 	 50 	 Ex 	 0.25 	 1.711192e-08 	 -6.969310e-10
1 	 51 	 Ex 	 0.25 	 -4.026150e-08 	 -1.549216e-09
1 	 52 	 Ex 	 0.25 	 1.711192e-08 	 -6.969310e-10
1 	 53 	 Ex 	 0.25 	 1.814370e-09 	 -2.530916e-10
1 	 54 	 Ex 	 0.25 	 3.497962e-10 	 -1.176299e-10
1 	 55 	 Ex 	 0.25 	 1.079457e-10 	 -6.055234e-11
1 	 56 	 Ex 	 0.25 	 4.264870e-11 	 -3.257033e-11
1 	 57 	 Ex 	 0.25 	 1.963399e-11 	 -1.791549e-11
1 	 58 	 Ex 	 0.25 	 1.033499e-11 	 -9.997673e-12
1 	 59 	 Ex 	 0.25 	 6.216883e-12 	 -5.653216e-12
1 	 60 	 Ex 	 0.25 	 4.228215e-12 	 -3.250415e-12
1 	 61 	 Ex 	 0.25 	 3.167634e-12 	 -1.916041e-12
1 	 62 	 Ex 	 0.25 	 2.533929e-12 	 -1.173755e-12
1 	 63 	 Ex 	 0.25 	 2.109374e-12 	 -7.609664e-13
1 	 64 	 Ex 	 0.25 	 1.796043e-12 	 -5.319359e-13
1 	 65 	 Ex 	 0.25 	 1.548149e-12 	 -4.053438e-13
1 	 66 	 Ex 	 0.25 	 1.343152e-12 	 -3.356054e-13
1 	 67 	 Ex 	 0.25 	 1.169137e-12 	 -2.970745e-13
1 	 68 	 Ex 	 0.25 	 1.019205e-12 	 -2.752989e-13
1 	 69 	 Ex 	 0.25 	 8.889340e-13 	 -2.621524e-13
1 	 70 	 Ex 	 0.25 	 7.752044e-13 	 -2.531056e-13
1 	 71 	 Ex 	 0.25 	 6.756433e-13 	 -2.456835e-13
1 	 72 	 Ex 	 0.25 	 5.883459e-13 	 -2.385858e-13
1 	 73 	 Ex 	 0.25 	 5.117304e-13 	 -2.311810e-13
1 	 74 	 Ex 	 0.25 	 4.444555e-13 	 -2.232145e-13
1 	 75 	 Ex 	 0.25 	 3.853697e-13 	 -2.146377e-13
1 	 76 	 Ex 	 0.25 	 3.334769e-13 	 -2.055098e-13
1 	 77 	 Ex 	 0.25 	 2.879111e-13 	 -1.959407e-13
1 	 78 	 Ex 	 0.25 	 2.479172e-13 	 -1.860588e-13
1 	 79 	 Ex 	 0.25 	 2.128349e-13 	 -1.759928e-13
1 	 80 	 Ex 	 0.25 	 1.820855e-13 	 -1.658628e-13
1 	 81 	 Ex 	 0.25 	 1.551612e-13 	 -1.557757e-13
1 	 82 	 Ex 	 0.25 	 1.316149e-13 	 -1.458236e-13
1 	 83 	 Ex 	 0.25 	 1.110528e-13 	 -1.360835e-13
1 	 84 	 Ex 	 0.25 	 9.312740e-14 	 -1.266188e-13
1 	 85 	 Ex 	 0.25 	 7.753112e-14 	 -1.174797e-13
1 	 86 	 Ex 	 0.25 	 6.399170e-14 	 -1.087047e-13
1 	 87 	 Ex 	 0.25 	 5.226767e-14 	 -1.003220e-13
1 	 88 	 Ex 	 0.25 	 4.214468e-14 	 -9.235102e-14
1 	 89 	 Ex 	 0.25 	 3.343233e-14 	 -8.480330e-14
1 	 90 	 Ex 	 0.25 	 2.596141e-14 	 -7.768401e-14
1 	 91 	 Ex 	 0.25 	 1.958151e-14 	 -7.099290e-14
1 	 92 	 Ex 	 0.25 	 1.415899e-14 	 -6.472525e-14
1 	 93 	 Ex 	 0.25 	 9.575117e-15 	 -5.887267e-14
1 	 94 	 Ex 	 0.25 	 5.724517e-15 	 -5.342381e-14
1 	 95 	 Ex 	 0.25 	 2.513712e-15 	 -4.836495e-14
1 	 96 	 Ex 	 0.25 	 -1.401718e-16 	 -4.368063e-14
1 	 97 	 Ex 	 0.25 	 -2.310556e-15 	 -3.935408e-14
1 	 98 	 Ex 	 0.25 	 -4.062451e-15 	 -3.536771e-14
1 	 99 	 Ex 	 0.25 	 -5.453402e-15 	 -3.170341e-14
1 	 100 	 Ex 	 0.25 	 -6.534338e-15 	 -2.834301e-14
1 	 101 	 Ex 	 0.25 	 -7.350752e-15 	 -2.526809e-14
1 	 1 	 Ey 	 0.25 	 2.805393e-21 	 -1.944179e-19
1 	 2 	 Ey 	 0.25 	 2.537394e-20 	 -1.987327e-19
1 	 3 	 Ey 	 0.25 	 4.621037e-20 	 -2.025421e-19
1 	 4 	 Ey 	 0.25 	 6.788742e-20 	 -2.056903e-19
1 	 5 	 Ey 	 0.25 	 9.159678e-20 	 -2.072520e-19
1 	 6 	 Ey 	 0.25 	 1.165205e-19 	 -2.063745e-19
1 	 7 	 Ey 	 0.25 	 1.416177e-19 	 -2.025794e-19
1 	 8 	 Ey 	 0.25 	 1.662252e-19 	 -1.955973e-19
1 	 9 	 Ey 	 0.25 	 1.898369e-19 	 -1.853390e-19
1 	 10 	 Ey 	 0.25 	 2.119561e-19 	 -1.720431e-19
1 	 11 	 Ey 	 0.25 	 2.322601e-19 	 -1.561199e-19
1 	 12 	 Ey 	 0.25 	 2.506854e-19 	 -1.375550e-19
1 	 13 	 Ey 	 0.25 	 2.671041e-19 	 -1.163367e-19
1 	 14 	 Ey 	 0.25 	 2.812053e-19 	 -9.299167e-20
1 	 15 	 Ey 	 0.25 	 2.927371e-19 	 -6.805141e-20
1 	 16 	 Ey 	 0.25 	 3.014844e-19 	 -4.184098e-20
1 	 17 	 Ey 	 0.25 	 3.072059e-19 	 -1.478160e-20
1 	 18 	 Ey 	 0.25 	 3.098112e-19 	 1.226265e-20
1 	 19 	 Ey 	 0.25 	 3.094524e-19 	 3.843201e-20
1 	 20 	 Ey 	 0.25 	 3.060937e-19 	 6.421814e-20
1 	 21 	 Ey 	 0.25 	 2.995516e-19 	 9.004586e-20
1 	 22 	 Ey 	 0.25 	 2.899238e-19 	 1.149538e-19
1 	 23 	 Ey 	 0.25 	 2.774165e-19 	 1.380310e-19
1 	 24 	 Ey 	 0.25 	 2.621431e-19 	 1.587333e-19
1 	 25 	 Ey 	 0.25 	 2.442628e-19 	 1.766061e-19
1 	 26 	 Ey 	 0.25 	 2.241975e-19 	 1.912382e-19
1 	 27 	 Ey 	 0.25 	 2.024322e-19 	 2.024191e-19
1 	 28 	 Ey 	 0.25 	 1.789645e-19 	 2.099502e-19
1 	 29 	 Ey 	 0.25 	 1.538409e-19 	 2.136036e-19
1 	 30 	 Ey 	 0.25 	 1.276710e-19 	 2.133045e-19
1 	 31 	 Ey 	 0.25 	 1.010267e-19 	 2.090662e-19
1 	 32 	 Ey 	 0.25 	 7.426417e-20 	 2.008197e-19
1 	 33 	 Ey 	 0.25 	 4.784628e-20 	 1.885792e-19
1 	 34 	 Ey 	 0.25 	 2.255239e-20 	 1.728873e-19
1 	 35 	 Ey 	 0.25 	 -1.035976e-21 	 1.545661e-19
1 	 36 	 Ey 	 0.25 	 -2.363787e-20 	 1.331553e-19
1 	 37 	 Ey 	 0.25 	 -4.582558e-20 	 1.080847e-19
1 	 38 	 Ey 	 0.25 	 -6.694303e-20 	 8.020206e-20
1 	 39 	 Ey 	 0.25 	 -8.648642e-20 	 5.043393e-20
1 	 40 	 Ey 	 0.25 	 -1.043053e-19 	 1.928023e-20
1 	 41 	 Ey 	 0.25 	 -1.203198e-19 	 -1.277845e-20
1 	 42 	 Ey 	 0.25 	 -1.345050e-19 	 -4.489343e-20
1 	 43 	 Ey 	 0.25 	 -1.470234e-19 	 -7.617074e-20
1 	 44 	 Ey 	 0.25 	 -1.581218e-19 	 -1.063902e-19
1 	 45 	 Ey 	 0.25 	 -1.679681e-19 	 -1.353615e-19
1 	 46 	 Ey 	 0.25 	 -1.767083e-19 	 -1.622668e-19
1 	 47 	 Ey 	 0.25 	 -1.844985e-19 	 -1.863605e-19
1 	 48 	 Ey 	 0.25 	 -1.914664e-19 	 -2.071963e-19
1 	 49 	 Ey 	 0.25 	 -1.976859e-19 	 -2.244341e-19
1 	 50 	 Ey 	 0.25 	 -2.029579e-19 	 -2.377069e-19
1 	 51 	 Ey 	 0.25 	 -2.083043e-19 	 -2.468526e-19
1 	 52 	 Ey 	 0.25 	 -2.131050e-19 	 -2.514731e-19
1 	 53 	 Ey 	 0.25 	 -2.166909e-19 	 -2.515870e-19
1 	 54 	 Ey 	 0.25 	 -2.200272e-19 	 -2.472620e-19
1 	 55 	 Ey 	 0.25 	 -2.227450e-19 	 -2.385639e-19
1 	 56 	 Ey 	 0.25 	 -2.247545e-19 	 -2.255855e-19
1 	 57 	 Ey 	 0.25 	 -2.259940e-19 	 -2.085676e-19
1 	 58 	 Ey 	 0.25 	 -2.263226e-19 	 -1.880809e-19
1 	 59 	 Ey 	 0.25 	 -2.254468e-19 	 -1.648100e-19
1 	 60 	 Ey 	 0.25 	 -2.230476e-19 	 -1.388420e-19
1 	 61 	 Ey 	 0.25 	 -2.189428e-19 	 -1.103080e-19
1 	 62 	 Ey 	 0.25 	 -2.130184e-19 	 -8.004910e-20
1 	 63 	 Ey 	 0.25 	 -2.051625e-19 	 -4.891011e-20
1 	 64 	 Ey 	 0.25 	 -1.953026e-19 	 -1.736516e-20
1 	 65 	 Ey 	 0.25 	 -1.835924e-19 	 1.413554e-20
1 	 66 	 Ey 	 0.25 	 -1.704767e-19 	 4.463056e-20
1 	 67 	 Ey 	 0.25 	 -1.562865e-19 	 7.299642e-20
1 	 68 	 Ey 	 0.25 	 -1.401329e-19 	 9.954239e-20
1 	 69 	 Ey 	 0.25 	 -1.213526e-19 	 1.248374e-19
1 	 70 	 Ey 	 0.25 	 -1.006109e-19 	 1.481723e-19
1 	 71 	 Ey 	 0.25 	 -7.853658e-20 	 1.688567e-19
1 	 72 	 Ey 	 0.25 	 -5.538117e-20 	 1.866676e-19
1 	 73 	 Ey 	 0.25 	 -3.140899e-20 	 2.015930e-19
1 	 74 	 Ey 	 0.25 	 -7.154779e-21 	 2.135241e-19
1 	 75 	 Ey 	 0.25 	 1.681369e-20 	 2.222752e-19
1 	 76 	 Ey 	 0.25 	 4.047859e-20 	 2.277947e-19
1 	 77 	 Ey 	 0.25 	 6.383536e-20 	 2.302031e-19
1 	 78 	 Ey 	 0.25 	 8.635868e-20 	 2.296167e-19
1 	 79 	 Ey 	 0.25 	 1.075539e-19 	 2.261834e-19
1 	 80 	 Ey 	 0.25 	 1.272158e-19 	 2.200520e-19
1 	 81 	 Ey 	 0.25 	 1.452719e-19 	 2.115469e-19
1 	 82 	 Ey 	 0.25 	 1.614766e-19 	 2.013623e-19
1 	 83 	 Ey 	 0.25 	 1.754337e-19 	 1.901794e-19
1 	 84 	 Ey 	 0.25 	 1.870585e-19 	 1.772919e-19
1 	 85 	 Ey 	 0.25 	 1.965373e-19 	 1.620218e-19
1 	 86 	 Ey 	 0.25 	 2.038902e-19 	 1.450697e-19
1 	 87 	 Ey 	 0.25 	 2.091030e-19 	 1.271125e-19
1 	 88 	 Ey 	 0.25 	 2.122491e-19 	 1.083740e-19
1 	 89 	 Ey 	 0.25 	 2.135253e-19 	 8.898908e-20
1 	 90 	 Ey 	 0.25 	 2.131622e-19 	 6.933601e-20
1 	 91 	 Ey 	 0.25 	 2.112862e-19 	 4.986639e-20
1 	 92 	 Ey 	 0.25 	 2.078048e-19 	 3.050268e-20
1 	 93 	 Ey 	 0.25 	 2.027131e-19 	 1.106803e-20
1 	 94 	 Ey 	 0.25 	 1.962261e-19 	 -8.176507e-21
1 	 95 	 Ey 	 0.25 	 1.885794e-19 	 -2.704625e-20
1 	 96 	 Ey 	 0.25 	 1.799994e-19 	 -4.568208e-20
1 	 97 	 Ey 	 0.25 	 1.709419e-19 	 -6.442059e-20
1 	 98 	 Ey 	 0.25 	 1.619476e-19 	 -8.336253e-20
1 	 99 	 Ey 	 0.25 	 1.519511e-19 	 -1.018858e-19
1 	 100 	 Ey 	 0.25 	 1.370134e-19 	 -1.183889e-19
1 	 101 	 Ey 	 0.25 	 1.225264e-19 	 -1.311098e-19
1 	 1 	 Hx 	 0.25 	 -2.016100e-16 	 -1.860543e-16
1 	 2 	 Hx 	 0.25 	 -1.840788e-16 	 -2.160810e-16
1 	 3 	 Hx 	 0.25 	 -1.669056e-16 	 -2.429400e-16
1 	 4 	 Hx 	 0.25 	 -1.495315e-16 	 -2.687131e-16
1 	 5 	 Hx 	 0.25 	 -1.295728e-16 	 -2.935351e-16
1 	 6 	 Hx 	 0.25 	 -1.056722e-16 	 -3.165002e-16
1 	 7 	 Hx 	 0.25 	 -7.811560e-17 	 -3.368057e-16
1 	 8 	 Hx 	 0.25 	 -4.757364e-17 	 -3.536736e-16
1 	 9 	 Hx 	 0.25 	 -1.417497e-17 	 -3.661730e-16
1 	 10 	 Hx 	 0.25 	 2.158920e-17 	 -3.740306e-16
1 	 11 	 Hx 	 0.25 	 5.832309e-17 	 -3.782091e-16
1 	 12 	 Hx 	 0.25 	 9.491490e-17 	 -3.792616e-16
1 	 13 	 Hx 	 0.25 	 1.313854e-16 	 -3.762842e-16
1 	 14 	 Hx 	 0.25 	 1.676630e-16 	 -3.685760e-16
1 	 15 	 Hx 	 0.25 	 2.032390e-16 	 -3.563704e-16
1 	 16 	 Hx 	 0.25 	 2.374038e-16 	 -3.398068e-16
1 	 17 	 Hx 	 0.25 	 2.695587e-16 	 -3.183568e-16
1 	 18 	 Hx 	 0.25 	 2.992670e-16 	 -2.924989e-16
1 	 19 	 Hx 	 0.25 	 3.262911e-16 	 -2.647582e-16
1 	 20 	 Hx 	 0.25 	 3.502683e-16 	 -2.367306e-16
1 	 21 	 Hx 	 0.25 	 3.704888e-16 	 -2.073573e-16
1 	 22 	 Hx 	 0.25 	 3.861960e-16 	 -1.759139e-16
1 	 23 	 Hx 	 0.25 	 3.971049e-16 	 -1.428456e-16
1 	 24 	 Hx 	 0.25 	 4.028918e-16 	 -1.090241e-16
1 	 25 	 Hx 	 0.25 	 4.028514e-16 	 -7.503593e-17
1 	 26 	 Hx 	 0.25 	 3.968818e-16 	 -4.149009e-17
1 	 27 	 Hx 	 0.25 	 3.861733e-16 	 -9.076434e-18
1 	 28 	 Hx 	 0.25 	 3.714929e-16 	 2.147935e-17
1 	 29 	 Hx 	 0.25 	 3.520821e-16 	 4.952542e-17
1 	 30 	 Hx 	 0.25 	 3.274389e-16 	 7.449120e-17
1 	 31 	 Hx 	 0.25 	 2.979909e-16 	 9.607220e-17
1 	 32 	 Hx 	 0.25 	 2.641338e-16 	 1.137482e-16
1 	 33 	 Hx 	 0.25 	 2.256668e-16 	 1.266944e-16
1 	 34 	 Hx 	 0.25 	 1.832507e-16 	 1.349621e-16
1 	 35 	 Hx 	 0.25 	 1.393341e-16 	 1.401800e-16
1 	 36 	 Hx 	 0.25 	 9.546662e-17 	 1.432318e-16
1 	 37 	 Hx 	 0.25 	 5.085246e-17 	 1.429580e-16
1 	 38 	 Hx 	 0.25 	 5.088853e-18 	 1.384688e-16
1 	 39 	 Hx 	 0.25 	 -4.133268e-17 	 1.301354e-16
1 	 40 	 Hx 	 0.25 	 -8.765504e-17 	 1.185640e-16
1 	 41 	 Hx 	 0.25 	 -1.333256e-16 	 1.037908e-16
1 	 42 	 Hx 	 0.25 	 -1.777506e-16 	 8.644482e-17
1 	 43 	 Hx 	 0.25 	 -2.202321e-16 	 6.836521e-17
1 	 44 	 Hx 	 0.25 	 -2.601869e-16 	 5.097713e-17
1 	 45 	 Hx 	 0.25 	 -2.972451e-16 	 3.422529e-17
1 	 46 	 Hx 	 0.25 	 -3.310190e-16 	 1.817338e-17
1 	 47 	 Hx 	 0.25 	 -3.611735e-16 	 3.532187e-18
1 	 48 	 Hx 	 0.25 	 -3.874298e-16 	 -8.875556e-18
1 	 49 	 Hx 	 0.25 	 -4.095019e-16 	 -1.863402e-17
1 	 50 	 Hx 	 0.25 	 -4.271250e-16 	 -2.540414e-17
1 	 51 	 Hx 	 0.25 	 -4.401983e-16 	 -2.884448e-17
1 	 52 	 Hx 	 0.25 	 -4.485687e-16 	 -2.866455e-17
1 	 53 	 Hx 	 0.25 	 -4.521327e-16 	 -2.458034e-17
1 	 54 	 Hx 	 0.25 	 -4.509466e-16 	 -1.660293e-17
1 	 55 	 Hx 	 0.25 	 -4.449564e-16 	 -5.033315e-18
1 	 56 	 Hx 	 0.25 	 -4.341799e-16 	 9.951465e-18
1 	 57 	 Hx 	 0.25 	 -4.187483e-16 	 2.843836e-17
1 	 58 	 Hx 	 0.25 	 -3.988745e-16 	 4.990879e-17
1 	 59 	 Hx 	 0.25 	 -3.748971e-16 	 7.267792e-17
1 	 60 	 Hx 	 0.25 	 -3.470717e-16 	 9.553527e-17
1 	 61 	 Hx 	 0.25 	 -3.155398e-16 	 1.187083e-16
1 	 62 	 Hx 	 0.25 	 -2.805936e-16 	 1.421760e-16
1 	 63 	 Hx 	 0.25 	 -2.426692e-16 	 1.650473e-16
1 	 64 	 Hx 	 0.25 	 -2.019407e-16 	 1.866167e-16
1 	 65 	 Hx 	 0.25 	 -1.583699e-16 	 2.069477e-16
1 	 66 	 Hx 	 0.25 	 -1.127473e-16 	 2.253540e-16
1 	 67 	 Hx 	 0.25 	 -6.750110e-17 	 2.396633e-16
1 	 68 	 Hx 	 0.25 	 -2.398302e-17 	 2.485543e-16
1 	 69 	 Hx 	 0.25 	 1.883842e-17 	 2.529564e-16
1 	 70 	 Hx 	 0.25 	 6.150372e-17 	 2.538115e-16
1 	 71 	 Hx 	 0.25 	 1.033974e-16 	 2.511940e-16
1 	 72 	 Hx 	 0.25 	 1.439172e-16 	 2.448965e-16
1 	 73 	 Hx 	 0.25 	 1.831463e-16 	 2.351001e-16
1 	 74 	 Hx 	 0.25 	 2.206363e-16 	 2.220420e-16
1 	 75 	 Hx 	 0.25 	 2.547276e-16 	 2.059600e-16
1 	 76 	 Hx 	 0.25 	 2.842898e-16 	 1.870264e-16
1 	 77 	 Hx 	 0.25 	 3.098599e-16 	 1.654398e-16
1 	 78 	 Hx 	 0.25 	 3.318623e-16 	 1.415737e-16
1 	 79 	 Hx 	 0.25 	 3.499789e-16 	 1.159851e-16
1 	 80 	 Hx 	 0.25 	 3.638494e-16 	 8.883681e-17
1 	 81 	 Hx 	 0.25 	 3.736461e-16 	 5.987985e-17
1 	 82 	 Hx 	 0.25 	 3.794207e-16 	 2.981307e-17
1 	 83 	 Hx 	 0.25 	 3.809482e-16 	 1.204921e-18
1 	 84 	 Hx 	 0.25 	 3.780393e-16 	 -2.454000e-17
1 	 85 	 Hx 	 0.25 	 3.709259e-16 	 -4.881736e-17
1 	 86 	 Hx 	 0.25 	 3.601121e-16 	 -7.269301e-17
1 	 87 	 Hx 	 0.25 	 3.460674e-16 	 -9.592919e-17
1 	 88 	 Hx 	 0.25 	 3.289702e-16 	 -1.181858e-16
1 	 89 	 Hx 	 0.25 	 3.088145e-16 	 -1.398603e-16
1 	 90 	 Hx 	 0.25 	 2.859559e-16 	 -1.608417e-16
1 	 91 	 Hx 	 0.25 	 2.615512e-16 	 -1.798350e-16
1 	 92 	 Hx 	 0.25 	 2.363410e-16 	 -1.959766e-16
1 	 93 	 Hx 	 0.25 	 2.099333e-16 	 -2.099495e-16
1 	 94 	 Hx 	 0.25 	 1.821583e-16 	 -2.223528e-16
1 	 95 	 Hx 	 0.25 	 1.535804e-16 	 -2.330810e-16
1 	 96 	 Hx 	 0.25 	 1.246321e-16 	 -2.419260e-16
1 	 97 	 Hx 	 0.25 	 9.521945e-17 	 -2.492252e-16
1 	 98 	 Hx 	 0.25 	 6.601677e-17 	 -2.553790e-16
1 	 99 	 Hx 	 0.25 	 3.850028e-17 	 -2.596795e-16
1 	 100 	 Hx 	 0.25 	 1.187746e-17 	 -2.587887e-16
1 	 101 	 Hx 	 0.25 	 -9.403475e-18 	 -2.546541e-16
1 	 1 	 Hy 	 0.25 	 3.110626e-11 	 2.113777e-11
1 	 2 	 Hy 	 0.25 	 3.339409e-11 	 2.513822e-11
1 	 3 	 Hy 	 0.25 	 3.572098e-11 	 2.970062e-11
1 	 4 	 Hy 	 0.25 	 3.806271e-11 	 3.489096e-11
1 	 5 	 Hy 	 0.25 	 4.038979e-11 	 4.078127e-11
1 	 6 	 Hy 	 0.25 	 4.266625e-11 	 4.745086e-11
1 	 7 	 Hy 	 0.25 	 4.484859e-11 	 5.498686e-11
1 	 8 	 Hy 	 0.25 	 4.688456e-11 	 6.348490e-11
1 	 9 	 Hy 	 0.25 	 4.871178e-11 	 7.304987e-11
1 	 10 	 Hy 	 0.25 	 5.025614e-11 	 8.379676e-11
1 	 11 	 Hy 	 0.25 	 5.143002e-11 	 9.585160e-11
1 	 12 	 Hy 	 0.25 	 5.213021e-11 	 1.093526e-10
1 	 13 	 Hy 	 0.25 	 5.223577e-11 	 1.244514e-10
1 	 14 	 Hy 	 0.25 	 5.160542e-11 	 1.413145e-10
1 	 15 	 Hy 	 0.25 	 5.007472e-11 	 1.601248e-10
1 	 16 	 Hy 	 0.25 	 4.745281e-11 	 1.810841e-10
1 	 17 	 Hy 	 0.25 	 4.351881e-11 	 2.044149e-10
1 	 18 	 Hy 	 0.25 	 3.801773e-11 	 2.303639e-10
1 	 19 	 Hy 	 0.25 	 3.065588e-11 	 2.592060e-10
1 	 20 	 Hy 	 0.25 	 2.109578e-11 	 2.912491e-10
1 	 21 	 Hy 	 0.25 	 8.950466e-12 	 3.268413e-10
1 	 22 	 Hy 	 0.25 	 -6.222801e-12 	 3.663801e-10
1 	 23 	 Hy 	 0.25 	 -2.492959e-11 	 4.103249e-10
1 	 24 	 Hy 	 0.25 	 -4.774627e-11 	 4.592149e-10
1 	 25 	 Hy 	 0.25 	 -7.532929e-11 	 5.136940e-10
1 	 26 	 Hy 	 0.25 	 -1.084265e-10 	 5.745467e-10
1 	 27 	 Hy 	 0.25 	 -1.478917e-10 	 6.427505e-10
1 	 28 	 Hy 	 0.25 	 -1.947059e-10 	 7.195508e-10
1 	 29 	 Hy 	 0.25 	 -2.500099e-10 	 8.065720e-10
1 	 30 	 Hy 	 0.25 	 -3.151573e-10 	 9.059782e-10
1 	 31 	 Hy 	 0.25 	 -3.918055e-10 	 1.020707e-09
1 	 32 	 Hy 	 0.25 	 -4.820740e-10 	 1.154809e-09
1 	 33 	 Hy 	 0.25 	 -5.888183e-10 	 1.313927e-09
1 	 34 	 Hy 	 0.25 	 -7.161065e-10 	 1.505987e-09
1 	 35 	 Hy 	 0.25 	 -8.700363e-10 	 1.742139e-09
1 	 36 	 Hy 	 0.25 	 -1.060128e-09 	 2.038063e-09
1 	 37 	 Hy 	 0.25 	 -1.301673e-09 	 2.415680e-09
1 	 38 	 Hy 	 0.25 	 -1.619688e-09 	 2.905375e-09
1 	 39 	 Hy 	 0.25 	 -2.055546e-09 	 3.548729e-09
1 	 40 	 Hy 	 0.25 	 -2.678230e-09 	 4.401746e-09
1 	 41 	 Hy 	 0.25 	 -3.603822e-09 	 5.538430e-09
1 	 42 	 Hy 	 0.25 	 -5.030609e-09 	 7.054554e-09
1 	 43 	 Hy 	 0.25 	 -7.306300e-09 	 9.071713e-09
1 	 44 	 Hy 	 0.25 	 -1.106784e-08 	 1.174288e-08
1 	 45 	 Hy 	 0.25 	 -1.756304e-08 	 1.526426e-08
1 	 46 	 Hy 	 0.25 	 -2.947808e-08 	 1.990816e-08
1 	 47 	 Hy 	 0.25 	 -5.331608e-08 	 2.612074e-08
1 	 48 	 Hy 	 0.25 	 -1.067746e-07 	 3.482877e-08
1 	 49 	 Hy 	 0.25 	 -2.405682e-07 	 4.857698e-08
1 	 50 	 Hy 	 0.25 	 -6.486661e-07 	 7.679455e-08
1 	 51 	 Hy 	 0.25 	 -1.414588e-05 	 1.564597e-07
1 	 52 	 Hy 	 0.25 	 -6.486661e-07 	 7.679455e-08
1 	 53 	 Hy 	 0.25 	 -2.405682e-07 	 4.857698e-08
1 	 54 	 Hy 	 0.25 	 -1.067746e-07 	 3.482877e-08
1 	 55 	 Hy 	 0.25 	 -5.331608e-08 	 2.612074e-08
1 	 56 	 Hy 	 0.25 	 -2.947808e-08 	 1.990816e-08
1 	 57 	 Hy 	 0.25 	 -1.756304e-08 	 1.526426e-08
1 	 58 	 Hy 	 0.25 	 -1.106784e-08 	 1.174288e-08
1 	 59 	 Hy 	 0.25 	 -7.306300e-09 	 9.071714e-09
1 	 60 	 Hy 	 0.25 	 -5.030610e-09 	 7.054555e-09
1 	 61 	 Hy 	 0.25 	 -3.603823e-09 	 5.538431e-09
1 	 62 	 Hy 	 0.25 	 -2.678231e-09 	 4.401747e-09
1 	 63 	 Hy 	 0.25 	 -2.055546e-09 	 3.548730e-09
1 	 64 	 Hy 	 0.25 	 -1.619689e-09 	 2.905376e-09
1 	 65 	 Hy 	 0.25 	 -1.301674e-09 	 2.415682e-09
1 	 66 	 Hy 	 0.25 	 -1.060129e-09 	 2.038064e-09
1 	 67 	 Hy 	 0.25 	 -8.700373e-10 	 1.742141e-09
1 	 68 	 Hy 	 0.25 	 -7.161076e-10 	 1.505988e-09
1 	 69 	 Hy 	 0.25 	 -5.888194e-10 	 1.313929e-09
1 	 70 	 Hy 	 0.25 	 -4.820751e-10 	 1.154810e-09
1 	 71 	 Hy 	 0.25 	 -3.918067e-10 	 1.020709e-09
1 	 72 	 Hy 	 0.25 	 -3.151584e-10 	 9.059802e-10
1 	 73 	 Hy 	 0.25 	 -2.500109e-10 	 8.065741e-10
1 	 74 	 Hy 	 0.25 	 -1.947069e-10 	 7.195530e-10
1 	 75 	 Hy 	 0.25 	 -1.478925e-10 	 6.427527e-10
1 	 76 	 Hy 	 0.25 	 -1.084272e-10 	 5.745490e-10
1 	 77 	 Hy 	 0.25 	 -7.533000e-11 	 5.136962e-10
1 	 78 	 Hy 	 0.25 	 -4.774687e-11 	 4.592171e-10
1 	 79 	 Hy 	 0.25 	 -2.493007e-11 	 4.103271e-10
1 	 80 	 Hy 	 0.25 	 -6.223171e-12 	 3.663822e-10
1 	 81 	 Hy 	 0.25 	 8.950216e-12 	 3.268433e-10
1 	 82 	 Hy 	 0.25 	 2.109565e-11 	 2.912509e-10
1 	 83 	 Hy 	 0.25 	 3.065586e-11 	 2.592076e-10
1 	 84 	 Hy 	 0.25 	 3.801781e-11 	 2.303653e-10
1 	 85 	 Hy 	 0.25 	 4.351898e-11 	 2.044160e-10
1 	 86 	 Hy 	 0.25 	 4.745306e-11 	 1.810850e-10
1 	 87 	 Hy 	 0.25 	 5.007503e-11 	 1.601254e-10
1 	 88 	 Hy 	 0.25 	 5.160579e-11 	 1.413148e-10
1 	 89 	 Hy 	 0.25 	 5.223617e-11 	 1.244514e-10
1 	 90 	 Hy 	 0.25 	 5.213063e-11 	 1.093523e-10
1 	 91 	 Hy 	 0.25 	 5.143042e-11 	 9.585089e-11
1 	 92 	 Hy 	 0.25 	 5.025653e-11 	 8.379570e-11
1 	 93 	 Hy 	 0.25 	 4.871212e-11 	 7.304846e-11
1 	 94 	 Hy 	 0.25 	 4.688482e-11 	 6.348313e-11
1 	 95 	 Hy 	 0.25 	 4.484875e-11 	 5.498474e-11
1 	 96 	 Hy 	 0.25 	 4.266628e-11 	 4.744840e-11
1 	 97 	 Hy 	 0.25 	 4.038967e-11 	 4.077848e-11
1 	 98 	 Hy 	 0.25 	 3.806242e-11 	 3.488786e-11
1 	 99 	 Hy 	 0.25 	 3.572052e-11 	 2.969721e-11
1 	 100 	 Hy 	 0.25 	 3.339347e-11 	 2.513442e-11
1 	 101 	 Hy 	 0.25 	 3.110542e-11 	 2.113352e-11
