 x y z azimuth dip irec
  -10000.0000       0.00000000       1000.00000               0           0           1
  -9800.00000       0.00000000       1000.00000               0           0           2
  -9600.00000       0.00000000       1000.00000               0           0           3
  -9400.00000       0.00000000       1000.00000               0           0           4
  -9200.00000       0.00000000       1000.00000               0           0           5
  -9000.00000       0.00000000       1000.00000               0           0           6
  -8800.00000       0.00000000       1000.00000               0           0           7
  -8600.00000       0.00000000       1000.00000               0           0           8
  -8400.00000       0.00000000       1000.00000               0           0           9
  -8200.00000       0.00000000       1000.00000               0           0          10
  -8000.00000       0.00000000       1000.00000               0           0          11
  -7800.00000       0.00000000       1000.00000               0           0          12
  -7600.00000       0.00000000       1000.00000               0           0          13
  -7400.00000       0.00000000       1000.00000               0           0          14
  -7200.00000       0.00000000       1000.00000               0           0          15
  -7000.00000       0.00000000       1000.00000               0           0          16
  -6800.00000       0.00000000       1000.00000               0           0          17
  -6600.00000       0.00000000       1000.00000               0           0          18
  -6400.00000       0.00000000       1000.00000               0           0          19
  -6200.00000       0.00000000       1000.00000               0           0          20
  -6000.00000       0.00000000       1000.00000               0           0          21
  -5800.00000       0.00000000       1000.00000               0           0          22
  -5600.00000       0.00000000       1000.00000               0           0          23
  -5400.00000       0.00000000       1000.00000               0           0          24
  -5200.00000       0.00000000       1000.00000               0           0          25
  -5000.00000       0.00000000       1000.00000               0           0          26
  -4800.00000       0.00000000       1000.00000               0           0          27
  -4600.00000       0.00000000       1000.00000               0           0          28
  -4400.00000       0.00000000       1000.00000               0           0          29
  -4200.00000       0.00000000       1000.00000               0           0          30
  -4000.00000       0.00000000       1000.00000               0           0          31
  -3800.00000       0.00000000       1000.00000               0           0          32
  -3600.00000       0.00000000       1000.00000               0           0          33
  -3400.00000       0.00000000       1000.00000               0           0          34
  -3200.00000       0.00000000       1000.00000               0           0          35
  -3000.00000       0.00000000       1000.00000               0           0          36
  -2800.00000       0.00000000       1000.00000               0           0          37
  -2600.00000       0.00000000       1000.00000               0           0          38
  -2400.00000       0.00000000       1000.00000               0           0          39
  -2200.00000       0.00000000       1000.00000               0           0          40
  -2000.00000       0.00000000       1000.00000               0           0          41
  -1800.00000       0.00000000       1000.00000               0           0          42
  -1600.00000       0.00000000       1000.00000               0           0          43
  -1400.00000       0.00000000       1000.00000               0           0          44
  -1200.00000       0.00000000       1000.00000               0           0          45
  -1000.00000       0.00000000       1000.00000               0           0          46
  -800.000000       0.00000000       1000.00000               0           0          47
  -600.000000       0.00000000       1000.00000               0           0          48
  -400.000000       0.00000000       1000.00000               0           0          49
  -200.000000       0.00000000       1000.00000               0           0          50
   0.00000000       0.00000000       1000.00000               0           0          51
   200.000000       0.00000000       1000.00000               0           0          52
   400.000000       0.00000000       1000.00000               0           0          53
   600.000000       0.00000000       1000.00000               0           0          54
   800.000000       0.00000000       1000.00000               0           0          55
   1000.00000       0.00000000       1000.00000               0           0          56
   1200.00000       0.00000000       1000.00000               0           0          57
   1400.00000       0.00000000       1000.00000               0           0          58
   1600.00000       0.00000000       1000.00000               0           0          59
   1800.00000       0.00000000       1000.00000               0           0          60
   2000.00000       0.00000000       1000.00000               0           0          61
   2200.00000       0.00000000       1000.00000               0           0          62
   2400.00000       0.00000000       1000.00000               0           0          63
   2600.00000       0.00000000       1000.00000               0           0          64
   2800.00000       0.00000000       1000.00000               0           0          65
   3000.00000       0.00000000       1000.00000               0           0          66
   3200.00000       0.00000000       1000.00000               0           0          67
   3400.00000       0.00000000       1000.00000               0           0          68
   3600.00000       0.00000000       1000.00000               0           0          69
   3800.00000       0.00000000       1000.00000               0           0          70
   4000.00000       0.00000000       1000.00000               0           0          71
   4200.00000       0.00000000       1000.00000               0           0          72
   4400.00000       0.00000000       1000.00000               0           0          73
   4600.00000       0.00000000       1000.00000               0           0          74
   4800.00000       0.00000000       1000.00000               0           0          75
   5000.00000       0.00000000       1000.00000               0           0          76
   5200.00000       0.00000000       1000.00000               0           0          77
   5400.00000       0.00000000       1000.00000               0           0          78
   5600.00000       0.00000000       1000.00000               0           0          79
   5800.00000       0.00000000       1000.00000               0           0          80
   6000.00000       0.00000000       1000.00000               0           0          81
   6200.00000       0.00000000       1000.00000               0           0          82
   6400.00000       0.00000000       1000.00000               0           0          83
   6600.00000       0.00000000       1000.00000               0           0          84
   6800.00000       0.00000000       1000.00000               0           0          85
   7000.00000       0.00000000       1000.00000               0           0          86
   7200.00000       0.00000000       1000.00000               0           0          87
   7400.00000       0.00000000       1000.00000               0           0          88
   7600.00000       0.00000000       1000.00000               0           0          89
   7800.00000       0.00000000       1000.00000               0           0          90
   8000.00000       0.00000000       1000.00000               0           0          91
   8200.00000       0.00000000       1000.00000               0           0          92
   8400.00000       0.00000000       1000.00000               0           0          93
   8600.00000       0.00000000       1000.00000               0           0          94
   8800.00000       0.00000000       1000.00000               0           0          95
   9000.00000       0.00000000       1000.00000               0           0          96
   9200.00000       0.00000000       1000.00000               0           0          97
   9400.00000       0.00000000       1000.00000               0           0          98
   9600.00000       0.00000000       1000.00000               0           0          99
   9800.00000       0.00000000       1000.00000               0           0         100
   10000.0000       0.00000000       1000.00000               0           0         101
