             x                y                z         azimuth        dip        iRx
  -3928.20312      -9196.15234       790.000000       30.0000000               0           1
  -3754.99805      -9096.15234       790.000000       30.0000000               0           2
  -3581.79297      -8996.15234       790.000000       30.0000000               0           3
  -3408.58789      -8896.15234       790.000000       30.0000000               0           4
  -3235.38281      -8796.15234       790.000000       30.0000000               0           5
  -3062.17773      -8696.15234       790.000000       30.0000000               0           6
  -2888.97266      -8596.15234       790.000000       30.0000000               0           7
  -2715.76758      -8496.15234       790.000000       30.0000000               0           8
  -2542.56250      -8396.15234       790.000000       30.0000000               0           9
  -2369.35742      -8296.15234       790.000000       30.0000000               0          10
  -2196.15234      -8196.15234       790.000000       30.0000000               0          11
  -2022.94727      -8096.15234       790.000000       30.0000000               0          12
  -1849.74219      -7996.15234       790.000000       30.0000000               0          13
  -1676.53711      -7896.15234       790.000000       30.0000000               0          14
  -1503.33203      -7796.15234       790.000000       30.0000000               0          15
  -1330.12695      -7696.15234       790.000000       30.0000000               0          16
  -1156.92188      -7596.15234       790.000000       30.0000000               0          17
  -983.716797      -7496.15234       790.000000       30.0000000               0          18
  -810.511719      -7396.15234       790.000000       30.0000000               0          19
  -637.306641      -7296.15234       790.000000       30.0000000               0          20
  -464.101562      -7196.15234       790.000000       30.0000000               0          21
  -290.896484      -7096.15234       790.000000       30.0000000               0          22
  -117.691406      -6996.15234       790.000000       30.0000000               0          23
   55.5136719      -6896.15234       790.000000       30.0000000               0          24
   228.718750      -6796.15234       790.000000       30.0000000               0          25
   401.923828      -6696.15234       790.000000       30.0000000               0          26
   575.128906      -6596.15234       790.000000       30.0000000               0          27
   748.333984      -6496.15234       790.000000       30.0000000               0          28
   921.539062      -6396.15234       790.000000       30.0000000               0          29
   1094.74414      -6296.15234       790.000000       30.0000000               0          30
   1267.94922      -6196.15234       790.000000       30.0000000               0          31
   1441.15430      -6096.15234       790.000000       30.0000000               0          32
   1614.35938      -5996.15234       790.000000       30.0000000               0          33
   1787.56445      -5896.15234       790.000000       30.0000000               0          34
   1960.76953      -5796.15234       790.000000       30.0000000               0          35
   2133.97461      -5696.15234       790.000000       30.0000000               0          36
   2307.17969      -5596.15234       790.000000       30.0000000               0          37
   2480.38477      -5496.15234       790.000000       30.0000000               0          38
   2653.58984      -5396.15234       790.000000       30.0000000               0          39
   2826.79492      -5296.15234       790.000000       30.0000000               0          40
   3000.00000      -5196.15234       790.000000       30.0000000               0          41
   3173.20508      -5096.15234       790.000000       30.0000000               0          42
   3346.41016      -4996.15234       790.000000       30.0000000               0          43
   3519.61523      -4896.15234       790.000000       30.0000000               0          44
   3692.82031      -4796.15234       790.000000       30.0000000               0          45
   3866.02539      -4696.15234       790.000000       30.0000000               0          46
   4039.23047      -4596.15234       790.000000       30.0000000               0          47
   4212.43555      -4496.15234       790.000000       30.0000000               0          48
   4385.64062      -4396.15234       790.000000       30.0000000               0          49
   4558.84570      -4296.15234       790.000000       30.0000000               0          50
   4732.05078      -4196.15234       790.000000       30.0000000               0          51
   4905.25586      -4096.15234       790.000000       30.0000000               0          52
   5078.46094      -3996.15234       790.000000       30.0000000               0          53
   5251.66602      -3896.15234       790.000000       30.0000000               0          54
   5424.87109      -3796.15234       790.000000       30.0000000               0          55
   5598.07617      -3696.15234       790.000000       30.0000000               0          56
   5771.28125      -3596.15234       790.000000       30.0000000               0          57
   5944.48633      -3496.15234       790.000000       30.0000000               0          58
   6117.69141      -3396.15234       790.000000       30.0000000               0          59
   6290.89648      -3296.15234       790.000000       30.0000000               0          60
   6464.10156      -3196.15234       790.000000       30.0000000               0          61
   6637.30664      -3096.15234       790.000000       30.0000000               0          62
   6810.51172      -2996.15234       790.000000       30.0000000               0          63
   6983.71680      -2896.15234       790.000000       30.0000000               0          64
   7156.92188      -2796.15234       790.000000       30.0000000               0          65
   7330.12695      -2696.15234       790.000000       30.0000000               0          66
   7503.33203      -2596.15234       790.000000       30.0000000               0          67
   7676.53711      -2496.15234       790.000000       30.0000000               0          68
   7849.74219      -2396.15234       790.000000       30.0000000               0          69
   8022.94727      -2296.15234       790.000000       30.0000000               0          70
   8196.15234      -2196.15234       790.000000       30.0000000               0          71
   8369.35742      -2096.15234       790.000000       30.0000000               0          72
   8542.56250      -1996.15234       790.000000       30.0000000               0          73
   8715.76758      -1896.15234       790.000000       30.0000000               0          74
   8888.97266      -1796.15234       790.000000       30.0000000               0          75
   9062.17773      -1696.15234       790.000000       30.0000000               0          76
   9235.38281      -1596.15234       790.000000       30.0000000               0          77
   9408.58789      -1496.15234       790.000000       30.0000000               0          78
   9581.79297      -1396.15234       790.000000       30.0000000               0          79
   9754.99805      -1296.15234       790.000000       30.0000000               0          80
   9928.20312      -1196.15234       790.000000       30.0000000               0          81
  -5428.20312      -6598.07617       790.000000       30.0000000               0          82
  -5254.99805      -6498.07617       790.000000       30.0000000               0          83
  -5081.79297      -6398.07617       790.000000       30.0000000               0          84
  -4908.58789      -6298.07617       790.000000       30.0000000               0          85
  -4735.38281      -6198.07617       790.000000       30.0000000               0          86
  -4562.17773      -6098.07617       790.000000       30.0000000               0          87
  -4388.97266      -5998.07617       790.000000       30.0000000               0          88
  -4215.76758      -5898.07617       790.000000       30.0000000               0          89
  -4042.56250      -5798.07617       790.000000       30.0000000               0          90
  -3869.35742      -5698.07617       790.000000       30.0000000               0          91
  -3696.15234      -5598.07617       790.000000       30.0000000               0          92
  -3522.94727      -5498.07617       790.000000       30.0000000               0          93
  -3349.74219      -5398.07617       790.000000       30.0000000               0          94
  -3176.53711      -5298.07617       790.000000       30.0000000               0          95
  -3003.33203      -5198.07617       790.000000       30.0000000               0          96
  -2830.12695      -5098.07617       790.000000       30.0000000               0          97
  -2656.92188      -4998.07617       790.000000       30.0000000               0          98
  -2483.71680      -4898.07617       790.000000       30.0000000               0          99
  -2310.51172      -4798.07617       790.000000       30.0000000               0         100
  -2137.30664      -4698.07617       790.000000       30.0000000               0         101
  -1964.10156      -4598.07617       790.000000       30.0000000               0         102
  -1790.89648      -4498.07617       790.000000       30.0000000               0         103
  -1617.69141      -4398.07617       790.000000       30.0000000               0         104
  -1444.48633      -4298.07617       790.000000       30.0000000               0         105
  -1271.28125      -4198.07617       790.000000       30.0000000               0         106
  -1098.07617      -4098.07617       790.000000       30.0000000               0         107
  -924.871094      -3998.07617       790.000000       30.0000000               0         108
  -751.666016      -3898.07617       790.000000       30.0000000               0         109
  -578.460938      -3798.07617       790.000000       30.0000000               0         110
  -405.255859      -3698.07617       790.000000       30.0000000               0         111
  -232.050781      -3598.07617       790.000000       30.0000000               0         112
  -58.8457031      -3498.07617       790.000000       30.0000000               0         113
   114.359375      -3398.07617       790.000000       30.0000000               0         114
   287.564453      -3298.07617       790.000000       30.0000000               0         115
   460.769531      -3198.07617       790.000000       30.0000000               0         116
   633.974609      -3098.07617       790.000000       30.0000000               0         117
   807.179688      -2998.07617       790.000000       30.0000000               0         118
   980.384766      -2898.07617       790.000000       30.0000000               0         119
   1153.58984      -2798.07617       790.000000       30.0000000               0         120
   1326.79492      -2698.07617       790.000000       30.0000000               0         121
   1500.00000      -2598.07617       790.000000       30.0000000               0         122
   1673.20508      -2498.07617       790.000000       30.0000000               0         123
   1846.41016      -2398.07617       790.000000       30.0000000               0         124
   2019.61523      -2298.07617       790.000000       30.0000000               0         125
   2192.82031      -2198.07617       790.000000       30.0000000               0         126
   2366.02539      -2098.07617       790.000000       30.0000000               0         127
   2539.23047      -1998.07617       790.000000       30.0000000               0         128
   2712.43555      -1898.07617       790.000000       30.0000000               0         129
   2885.64062      -1798.07617       790.000000       30.0000000               0         130
   3058.84570      -1698.07617       790.000000       30.0000000               0         131
   3232.05078      -1598.07617       790.000000       30.0000000               0         132
   3405.25586      -1498.07617       790.000000       30.0000000               0         133
   3578.46094      -1398.07617       790.000000       30.0000000               0         134
   3751.66602      -1298.07617       790.000000       30.0000000               0         135
   3924.87109      -1198.07617       790.000000       30.0000000               0         136
   4098.07617      -1098.07617       790.000000       30.0000000               0         137
   4271.28125      -998.076172       790.000000       30.0000000               0         138
   4444.48633      -898.076172       790.000000       30.0000000               0         139
   4617.69141      -798.076172       790.000000       30.0000000               0         140
   4790.89648      -698.076172       790.000000       30.0000000               0         141
   4964.10156      -598.076172       790.000000       30.0000000               0         142
   5137.30664      -498.076172       790.000000       30.0000000               0         143
   5310.51172      -398.076172       790.000000       30.0000000               0         144
   5483.71680      -298.076172       790.000000       30.0000000               0         145
   5656.92188      -198.076172       790.000000       30.0000000               0         146
   5830.12695      -98.0761719       790.000000       30.0000000               0         147
   6003.33203       1.92382812       790.000000       30.0000000               0         148
   6176.53711       101.923828       790.000000       30.0000000               0         149
   6349.74219       201.923828       790.000000       30.0000000               0         150
   6522.94727       301.923828       790.000000       30.0000000               0         151
   6696.15234       401.923828       790.000000       30.0000000               0         152
   6869.35742       501.923828       790.000000       30.0000000               0         153
   7042.56250       601.923828       790.000000       30.0000000               0         154
   7215.76758       701.923828       790.000000       30.0000000               0         155
   7388.97266       801.923828       790.000000       30.0000000               0         156
   7562.17773       901.923828       790.000000       30.0000000               0         157
   7735.38281       1001.92383       790.000000       30.0000000               0         158
   7908.58789       1101.92383       790.000000       30.0000000               0         159
   8081.79297       1201.92383       790.000000       30.0000000               0         160
   8254.99805       1301.92383       790.000000       30.0000000               0         161
   8428.20312       1401.92383       790.000000       30.0000000               0         162
  -6928.20312      -4000.00000       790.000000       30.0000000               0         163
  -6754.99805      -3900.00000       790.000000       30.0000000               0         164
  -6581.79297      -3800.00000       790.000000       30.0000000               0         165
  -6408.58789      -3700.00000       790.000000       30.0000000               0         166
  -6235.38281      -3600.00000       790.000000       30.0000000               0         167
  -6062.17773      -3500.00000       790.000000       30.0000000               0         168
  -5888.97266      -3400.00000       790.000000       30.0000000               0         169
  -5715.76758      -3300.00000       790.000000       30.0000000               0         170
  -5542.56250      -3200.00000       790.000000       30.0000000               0         171
  -5369.35742      -3100.00000       790.000000       30.0000000               0         172
  -5196.15234      -3000.00000       790.000000       30.0000000               0         173
  -5022.94727      -2900.00000       790.000000       30.0000000               0         174
  -4849.74219      -2800.00000       790.000000       30.0000000               0         175
  -4676.53711      -2700.00000       790.000000       30.0000000               0         176
  -4503.33203      -2600.00000       790.000000       30.0000000               0         177
  -4330.12695      -2500.00000       790.000000       30.0000000               0         178
  -4156.92188      -2400.00000       790.000000       30.0000000               0         179
  -3983.71680      -2300.00000       790.000000       30.0000000               0         180
  -3810.51172      -2200.00000       790.000000       30.0000000               0         181
  -3637.30664      -2100.00000       790.000000       30.0000000               0         182
  -3464.10156      -2000.00000       790.000000       30.0000000               0         183
  -3290.89648      -1900.00000       790.000000       30.0000000               0         184
  -3117.69141      -1800.00000       790.000000       30.0000000               0         185
  -2944.48633      -1700.00000       790.000000       30.0000000               0         186
  -2771.28125      -1600.00000       790.000000       30.0000000               0         187
  -2598.07617      -1500.00000       790.000000       30.0000000               0         188
  -2424.87109      -1400.00000       790.000000       30.0000000               0         189
  -2251.66602      -1300.00000       790.000000       30.0000000               0         190
  -2078.46094      -1200.00000       790.000000       30.0000000               0         191
  -1905.25586      -1100.00000       790.000000       30.0000000               0         192
  -1732.05078      -1000.00000       790.000000       30.0000000               0         193
  -1558.84570      -900.000000       790.000000       30.0000000               0         194
  -1385.64062      -800.000000       790.000000       30.0000000               0         195
  -1212.43555      -700.000000       790.000000       30.0000000               0         196
  -1039.23047      -600.000000       790.000000       30.0000000               0         197
  -866.025391      -500.000000       790.000000       30.0000000               0         198
  -692.820312      -400.000000       790.000000       30.0000000               0         199
  -519.615234      -300.000000       790.000000       30.0000000               0         200
  -346.410156      -200.000000       790.000000       30.0000000               0         201
  -173.205078      -100.000000       790.000000       30.0000000               0         202
   0.00000000       0.00000000       790.000000       30.0000000               0         203
   173.205078       100.000000       790.000000       30.0000000               0         204
   346.410156       200.000000       790.000000       30.0000000               0         205
   519.615234       300.000000       790.000000       30.0000000               0         206
   692.820312       400.000000       790.000000       30.0000000               0         207
   866.025391       500.000000       790.000000       30.0000000               0         208
   1039.23047       600.000000       790.000000       30.0000000               0         209
   1212.43555       700.000000       790.000000       30.0000000               0         210
   1385.64062       800.000000       790.000000       30.0000000               0         211
   1558.84570       900.000000       790.000000       30.0000000               0         212
   1732.05078       1000.00000       790.000000       30.0000000               0         213
   1905.25586       1100.00000       790.000000       30.0000000               0         214
   2078.46094       1200.00000       790.000000       30.0000000               0         215
   2251.66602       1300.00000       790.000000       30.0000000               0         216
   2424.87109       1400.00000       790.000000       30.0000000               0         217
   2598.07617       1500.00000       790.000000       30.0000000               0         218
   2771.28125       1600.00000       790.000000       30.0000000               0         219
   2944.48633       1700.00000       790.000000       30.0000000               0         220
   3117.69141       1800.00000       790.000000       30.0000000               0         221
   3290.89648       1900.00000       790.000000       30.0000000               0         222
   3464.10156       2000.00000       790.000000       30.0000000               0         223
   3637.30664       2100.00000       790.000000       30.0000000               0         224
   3810.51172       2200.00000       790.000000       30.0000000               0         225
   3983.71680       2300.00000       790.000000       30.0000000               0         226
   4156.92188       2400.00000       790.000000       30.0000000               0         227
   4330.12695       2500.00000       790.000000       30.0000000               0         228
   4503.33203       2600.00000       790.000000       30.0000000               0         229
   4676.53711       2700.00000       790.000000       30.0000000               0         230
   4849.74219       2800.00000       790.000000       30.0000000               0         231
   5022.94727       2900.00000       790.000000       30.0000000               0         232
   5196.15234       3000.00000       790.000000       30.0000000               0         233
   5369.35742       3100.00000       790.000000       30.0000000               0         234
   5542.56250       3200.00000       790.000000       30.0000000               0         235
   5715.76758       3300.00000       790.000000       30.0000000               0         236
   5888.97266       3400.00000       790.000000       30.0000000               0         237
   6062.17773       3500.00000       790.000000       30.0000000               0         238
   6235.38281       3600.00000       790.000000       30.0000000               0         239
   6408.58789       3700.00000       790.000000       30.0000000               0         240
   6581.79297       3800.00000       790.000000       30.0000000               0         241
   6754.99805       3900.00000       790.000000       30.0000000               0         242
   6928.20312       4000.00000       790.000000       30.0000000               0         243
  -8428.20312      -1401.92383       790.000000       30.0000000               0         244
  -8254.99805      -1301.92383       790.000000       30.0000000               0         245
  -8081.79297      -1201.92383       790.000000       30.0000000               0         246
  -7908.58789      -1101.92383       790.000000       30.0000000               0         247
  -7735.38281      -1001.92383       790.000000       30.0000000               0         248
  -7562.17773      -901.923828       790.000000       30.0000000               0         249
  -7388.97266      -801.923828       790.000000       30.0000000               0         250
  -7215.76758      -701.923828       790.000000       30.0000000               0         251
  -7042.56250      -601.923828       790.000000       30.0000000               0         252
  -6869.35742      -501.923828       790.000000       30.0000000               0         253
  -6696.15234      -401.923828       790.000000       30.0000000               0         254
  -6522.94727      -301.923828       790.000000       30.0000000               0         255
  -6349.74219      -201.923828       790.000000       30.0000000               0         256
  -6176.53711      -101.923828       790.000000       30.0000000               0         257
  -6003.33203      -1.92382812       790.000000       30.0000000               0         258
  -5830.12695       98.0761719       790.000000       30.0000000               0         259
  -5656.92188       198.076172       790.000000       30.0000000               0         260
  -5483.71680       298.076172       790.000000       30.0000000               0         261
  -5310.51172       398.076172       790.000000       30.0000000               0         262
  -5137.30664       498.076172       790.000000       30.0000000               0         263
  -4964.10156       598.076172       790.000000       30.0000000               0         264
  -4790.89648       698.076172       790.000000       30.0000000               0         265
  -4617.69141       798.076172       790.000000       30.0000000               0         266
  -4444.48633       898.076172       790.000000       30.0000000               0         267
  -4271.28125       998.076172       790.000000       30.0000000               0         268
  -4098.07617       1098.07617       790.000000       30.0000000               0         269
  -3924.87109       1198.07617       790.000000       30.0000000               0         270
  -3751.66602       1298.07617       790.000000       30.0000000               0         271
  -3578.46094       1398.07617       790.000000       30.0000000               0         272
  -3405.25586       1498.07617       790.000000       30.0000000               0         273
  -3232.05078       1598.07617       790.000000       30.0000000               0         274
  -3058.84570       1698.07617       790.000000       30.0000000               0         275
  -2885.64062       1798.07617       790.000000       30.0000000               0         276
  -2712.43555       1898.07617       790.000000       30.0000000               0         277
  -2539.23047       1998.07617       790.000000       30.0000000               0         278
  -2366.02539       2098.07617       790.000000       30.0000000               0         279
  -2192.82031       2198.07617       790.000000       30.0000000               0         280
  -2019.61523       2298.07617       790.000000       30.0000000               0         281
  -1846.41016       2398.07617       790.000000       30.0000000               0         282
  -1673.20508       2498.07617       790.000000       30.0000000               0         283
  -1500.00000       2598.07617       790.000000       30.0000000               0         284
  -1326.79492       2698.07617       790.000000       30.0000000               0         285
  -1153.58984       2798.07617       790.000000       30.0000000               0         286
  -980.384766       2898.07617       790.000000       30.0000000               0         287
  -807.179688       2998.07617       790.000000       30.0000000               0         288
  -633.974609       3098.07617       790.000000       30.0000000               0         289
  -460.769531       3198.07617       790.000000       30.0000000               0         290
  -287.564453       3298.07617       790.000000       30.0000000               0         291
  -114.359375       3398.07617       790.000000       30.0000000               0         292
   58.8457031       3498.07617       790.000000       30.0000000               0         293
   232.050781       3598.07617       790.000000       30.0000000               0         294
   405.255859       3698.07617       790.000000       30.0000000               0         295
   578.460938       3798.07617       790.000000       30.0000000               0         296
   751.666016       3898.07617       790.000000       30.0000000               0         297
   924.871094       3998.07617       790.000000       30.0000000               0         298
   1098.07617       4098.07617       790.000000       30.0000000               0         299
   1271.28125       4198.07617       790.000000       30.0000000               0         300
   1444.48633       4298.07617       790.000000       30.0000000               0         301
   1617.69141       4398.07617       790.000000       30.0000000               0         302
   1790.89648       4498.07617       790.000000       30.0000000               0         303
   1964.10156       4598.07617       790.000000       30.0000000               0         304
   2137.30664       4698.07617       790.000000       30.0000000               0         305
   2310.51172       4798.07617       790.000000       30.0000000               0         306
   2483.71680       4898.07617       790.000000       30.0000000               0         307
   2656.92188       4998.07617       790.000000       30.0000000               0         308
   2830.12695       5098.07617       790.000000       30.0000000               0         309
   3003.33203       5198.07617       790.000000       30.0000000               0         310
   3176.53711       5298.07617       790.000000       30.0000000               0         311
   3349.74219       5398.07617       790.000000       30.0000000               0         312
   3522.94727       5498.07617       790.000000       30.0000000               0         313
   3696.15234       5598.07617       790.000000       30.0000000               0         314
   3869.35742       5698.07617       790.000000       30.0000000               0         315
   4042.56250       5798.07617       790.000000       30.0000000               0         316
   4215.76758       5898.07617       790.000000       30.0000000               0         317
   4388.97266       5998.07617       790.000000       30.0000000               0         318
   4562.17773       6098.07617       790.000000       30.0000000               0         319
   4735.38281       6198.07617       790.000000       30.0000000               0         320
   4908.58789       6298.07617       790.000000       30.0000000               0         321
   5081.79297       6398.07617       790.000000       30.0000000               0         322
   5254.99805       6498.07617       790.000000       30.0000000               0         323
   5428.20312       6598.07617       790.000000       30.0000000               0         324
  -9928.20312       1196.15234       790.000000       30.0000000               0         325
  -9754.99805       1296.15234       790.000000       30.0000000               0         326
  -9581.79297       1396.15234       790.000000       30.0000000               0         327
  -9408.58789       1496.15234       790.000000       30.0000000               0         328
  -9235.38281       1596.15234       790.000000       30.0000000               0         329
  -9062.17773       1696.15234       790.000000       30.0000000               0         330
  -8888.97266       1796.15234       790.000000       30.0000000               0         331
  -8715.76758       1896.15234       790.000000       30.0000000               0         332
  -8542.56250       1996.15234       790.000000       30.0000000               0         333
  -8369.35742       2096.15234       790.000000       30.0000000               0         334
  -8196.15234       2196.15234       790.000000       30.0000000               0         335
  -8022.94727       2296.15234       790.000000       30.0000000               0         336
  -7849.74219       2396.15234       790.000000       30.0000000               0         337
  -7676.53711       2496.15234       790.000000       30.0000000               0         338
  -7503.33203       2596.15234       790.000000       30.0000000               0         339
  -7330.12695       2696.15234       790.000000       30.0000000               0         340
  -7156.92188       2796.15234       790.000000       30.0000000               0         341
  -6983.71680       2896.15234       790.000000       30.0000000               0         342
  -6810.51172       2996.15234       790.000000       30.0000000               0         343
  -6637.30664       3096.15234       790.000000       30.0000000               0         344
  -6464.10156       3196.15234       790.000000       30.0000000               0         345
  -6290.89648       3296.15234       790.000000       30.0000000               0         346
  -6117.69141       3396.15234       790.000000       30.0000000               0         347
  -5944.48633       3496.15234       790.000000       30.0000000               0         348
  -5771.28125       3596.15234       790.000000       30.0000000               0         349
  -5598.07617       3696.15234       790.000000       30.0000000               0         350
  -5424.87109       3796.15234       790.000000       30.0000000               0         351
  -5251.66602       3896.15234       790.000000       30.0000000               0         352
  -5078.46094       3996.15234       790.000000       30.0000000               0         353
  -4905.25586       4096.15234       790.000000       30.0000000               0         354
  -4732.05078       4196.15234       790.000000       30.0000000               0         355
  -4558.84570       4296.15234       790.000000       30.0000000               0         356
  -4385.64062       4396.15234       790.000000       30.0000000               0         357
  -4212.43555       4496.15234       790.000000       30.0000000               0         358
  -4039.23047       4596.15234       790.000000       30.0000000               0         359
  -3866.02539       4696.15234       790.000000       30.0000000               0         360
  -3692.82031       4796.15234       790.000000       30.0000000               0         361
  -3519.61523       4896.15234       790.000000       30.0000000               0         362
  -3346.41016       4996.15234       790.000000       30.0000000               0         363
  -3173.20508       5096.15234       790.000000       30.0000000               0         364
  -3000.00000       5196.15234       790.000000       30.0000000               0         365
  -2826.79492       5296.15234       790.000000       30.0000000               0         366
  -2653.58984       5396.15234       790.000000       30.0000000               0         367
  -2480.38477       5496.15234       790.000000       30.0000000               0         368
  -2307.17969       5596.15234       790.000000       30.0000000               0         369
  -2133.97461       5696.15234       790.000000       30.0000000               0         370
  -1960.76953       5796.15234       790.000000       30.0000000               0         371
  -1787.56445       5896.15234       790.000000       30.0000000               0         372
  -1614.35938       5996.15234       790.000000       30.0000000               0         373
  -1441.15430       6096.15234       790.000000       30.0000000               0         374
  -1267.94922       6196.15234       790.000000       30.0000000               0         375
  -1094.74414       6296.15234       790.000000       30.0000000               0         376
  -921.539062       6396.15234       790.000000       30.0000000               0         377
  -748.333984       6496.15234       790.000000       30.0000000               0         378
  -575.128906       6596.15234       790.000000       30.0000000               0         379
  -401.923828       6696.15234       790.000000       30.0000000               0         380
  -228.718750       6796.15234       790.000000       30.0000000               0         381
  -55.5136719       6896.15234       790.000000       30.0000000               0         382
   117.691406       6996.15234       790.000000       30.0000000               0         383
   290.896484       7096.15234       790.000000       30.0000000               0         384
   464.101562       7196.15234       790.000000       30.0000000               0         385
   637.306641       7296.15234       790.000000       30.0000000               0         386
   810.511719       7396.15234       790.000000       30.0000000               0         387
   983.716797       7496.15234       790.000000       30.0000000               0         388
   1156.92188       7596.15234       790.000000       30.0000000               0         389
   1330.12695       7696.15234       790.000000       30.0000000               0         390
   1503.33203       7796.15234       790.000000       30.0000000               0         391
   1676.53711       7896.15234       790.000000       30.0000000               0         392
   1849.74219       7996.15234       790.000000       30.0000000               0         393
   2022.94727       8096.15234       790.000000       30.0000000               0         394
   2196.15234       8196.15234       790.000000       30.0000000               0         395
   2369.35742       8296.15234       790.000000       30.0000000               0         396
   2542.56250       8396.15234       790.000000       30.0000000               0         397
   2715.76758       8496.15234       790.000000       30.0000000               0         398
   2888.97266       8596.15234       790.000000       30.0000000               0         399
   3062.17773       8696.15234       790.000000       30.0000000               0         400
   3235.38281       8796.15234       790.000000       30.0000000               0         401
   3408.58789       8896.15234       790.000000       30.0000000               0         402
   3581.79297       8996.15234       790.000000       30.0000000               0         403
   3754.99805       9096.15234       790.000000       30.0000000               0         404
   3928.20312       9196.15234       790.000000       30.0000000               0         405
  -1196.15234      -9928.20312       790.000000       30.0000000               0         406
   1401.92383      -8428.20312       790.000000       30.0000000               0         407
   4000.00000      -6928.20312       790.000000       30.0000000               0         408
   6598.07617      -5428.20312       790.000000       30.0000000               0         409
   9196.15234      -3928.20312       790.000000       30.0000000               0         410
  -1296.15234      -9754.99805       790.000000       30.0000000               0         411
   1301.92383      -8254.99805       790.000000       30.0000000               0         412
   3900.00000      -6754.99805       790.000000       30.0000000               0         413
   6498.07617      -5254.99805       790.000000       30.0000000               0         414
   9096.15234      -3754.99805       790.000000       30.0000000               0         415
  -1396.15234      -9581.79297       790.000000       30.0000000               0         416
   1201.92383      -8081.79297       790.000000       30.0000000               0         417
   3800.00000      -6581.79297       790.000000       30.0000000               0         418
   6398.07617      -5081.79297       790.000000       30.0000000               0         419
   8996.15234      -3581.79297       790.000000       30.0000000               0         420
  -1496.15234      -9408.58789       790.000000       30.0000000               0         421
   1101.92383      -7908.58789       790.000000       30.0000000               0         422
   3700.00000      -6408.58789       790.000000       30.0000000               0         423
   6298.07617      -4908.58789       790.000000       30.0000000               0         424
   8896.15234      -3408.58789       790.000000       30.0000000               0         425
  -1596.15234      -9235.38281       790.000000       30.0000000               0         426
   1001.92383      -7735.38281       790.000000       30.0000000               0         427
   3600.00000      -6235.38281       790.000000       30.0000000               0         428
   6198.07617      -4735.38281       790.000000       30.0000000               0         429
   8796.15234      -3235.38281       790.000000       30.0000000               0         430
  -1696.15234      -9062.17773       790.000000       30.0000000               0         431
   901.923828      -7562.17773       790.000000       30.0000000               0         432
   3500.00000      -6062.17773       790.000000       30.0000000               0         433
   6098.07617      -4562.17773       790.000000       30.0000000               0         434
   8696.15234      -3062.17773       790.000000       30.0000000               0         435
  -1796.15234      -8888.97266       790.000000       30.0000000               0         436
   801.923828      -7388.97266       790.000000       30.0000000               0         437
   3400.00000      -5888.97266       790.000000       30.0000000               0         438
   5998.07617      -4388.97266       790.000000       30.0000000               0         439
   8596.15234      -2888.97266       790.000000       30.0000000               0         440
  -1896.15234      -8715.76758       790.000000       30.0000000               0         441
   701.923828      -7215.76758       790.000000       30.0000000               0         442
   3300.00000      -5715.76758       790.000000       30.0000000               0         443
   5898.07617      -4215.76758       790.000000       30.0000000               0         444
   8496.15234      -2715.76758       790.000000       30.0000000               0         445
  -1996.15234      -8542.56250       790.000000       30.0000000               0         446
   601.923828      -7042.56250       790.000000       30.0000000               0         447
   3200.00000      -5542.56250       790.000000       30.0000000               0         448
   5798.07617      -4042.56250       790.000000       30.0000000               0         449
   8396.15234      -2542.56250       790.000000       30.0000000               0         450
  -2096.15234      -8369.35742       790.000000       30.0000000               0         451
   501.923828      -6869.35742       790.000000       30.0000000               0         452
   3100.00000      -5369.35742       790.000000       30.0000000               0         453
   5698.07617      -3869.35742       790.000000       30.0000000               0         454
   8296.15234      -2369.35742       790.000000       30.0000000               0         455
  -2196.15234      -8196.15234       790.000000       30.0000000               0         456
   401.923828      -6696.15234       790.000000       30.0000000               0         457
   3000.00000      -5196.15234       790.000000       30.0000000               0         458
   5598.07617      -3696.15234       790.000000       30.0000000               0         459
   8196.15234      -2196.15234       790.000000       30.0000000               0         460
  -2296.15234      -8022.94727       790.000000       30.0000000               0         461
   301.923828      -6522.94727       790.000000       30.0000000               0         462
   2900.00000      -5022.94727       790.000000       30.0000000               0         463
   5498.07617      -3522.94727       790.000000       30.0000000               0         464
   8096.15234      -2022.94727       790.000000       30.0000000               0         465
  -2396.15234      -7849.74219       790.000000       30.0000000               0         466
   201.923828      -6349.74219       790.000000       30.0000000               0         467
   2800.00000      -4849.74219       790.000000       30.0000000               0         468
   5398.07617      -3349.74219       790.000000       30.0000000               0         469
   7996.15234      -1849.74219       790.000000       30.0000000               0         470
  -2496.15234      -7676.53711       790.000000       30.0000000               0         471
   101.923828      -6176.53711       790.000000       30.0000000               0         472
   2700.00000      -4676.53711       790.000000       30.0000000               0         473
   5298.07617      -3176.53711       790.000000       30.0000000               0         474
   7896.15234      -1676.53711       790.000000       30.0000000               0         475
  -2596.15234      -7503.33203       790.000000       30.0000000               0         476
   1.92382812      -6003.33203       790.000000       30.0000000               0         477
   2600.00000      -4503.33203       790.000000       30.0000000               0         478
   5198.07617      -3003.33203       790.000000       30.0000000               0         479
   7796.15234      -1503.33203       790.000000       30.0000000               0         480
  -2696.15234      -7330.12695       790.000000       30.0000000               0         481
  -98.0761719      -5830.12695       790.000000       30.0000000               0         482
   2500.00000      -4330.12695       790.000000       30.0000000               0         483
   5098.07617      -2830.12695       790.000000       30.0000000               0         484
   7696.15234      -1330.12695       790.000000       30.0000000               0         485
  -2796.15234      -7156.92188       790.000000       30.0000000               0         486
  -198.076172      -5656.92188       790.000000       30.0000000               0         487
   2400.00000      -4156.92188       790.000000       30.0000000               0         488
   4998.07617      -2656.92188       790.000000       30.0000000               0         489
   7596.15234      -1156.92188       790.000000       30.0000000               0         490
  -2896.15234      -6983.71680       790.000000       30.0000000               0         491
  -298.076172      -5483.71680       790.000000       30.0000000               0         492
   2300.00000      -3983.71680       790.000000       30.0000000               0         493
   4898.07617      -2483.71680       790.000000       30.0000000               0         494
   7496.15234      -983.716797       790.000000       30.0000000               0         495
  -2996.15234      -6810.51172       790.000000       30.0000000               0         496
  -398.076172      -5310.51172       790.000000       30.0000000               0         497
   2200.00000      -3810.51172       790.000000       30.0000000               0         498
   4798.07617      -2310.51172       790.000000       30.0000000               0         499
   7396.15234      -810.511719       790.000000       30.0000000               0         500
  -3096.15234      -6637.30664       790.000000       30.0000000               0         501
  -498.076172      -5137.30664       790.000000       30.0000000               0         502
   2100.00000      -3637.30664       790.000000       30.0000000               0         503
   4698.07617      -2137.30664       790.000000       30.0000000               0         504
   7296.15234      -637.306641       790.000000       30.0000000               0         505
  -3196.15234      -6464.10156       790.000000       30.0000000               0         506
  -598.076172      -4964.10156       790.000000       30.0000000               0         507
   2000.00000      -3464.10156       790.000000       30.0000000               0         508
   4598.07617      -1964.10156       790.000000       30.0000000               0         509
   7196.15234      -464.101562       790.000000       30.0000000               0         510
  -3296.15234      -6290.89648       790.000000       30.0000000               0         511
  -698.076172      -4790.89648       790.000000       30.0000000               0         512
   1900.00000      -3290.89648       790.000000       30.0000000               0         513
   4498.07617      -1790.89648       790.000000       30.0000000               0         514
   7096.15234      -290.896484       790.000000       30.0000000               0         515
  -3396.15234      -6117.69141       790.000000       30.0000000               0         516
  -798.076172      -4617.69141       790.000000       30.0000000               0         517
   1800.00000      -3117.69141       790.000000       30.0000000               0         518
   4398.07617      -1617.69141       790.000000       30.0000000               0         519
   6996.15234      -117.691406       790.000000       30.0000000               0         520
  -3496.15234      -5944.48633       790.000000       30.0000000               0         521
  -898.076172      -4444.48633       790.000000       30.0000000               0         522
   1700.00000      -2944.48633       790.000000       30.0000000               0         523
   4298.07617      -1444.48633       790.000000       30.0000000               0         524
   6896.15234       55.5136719       790.000000       30.0000000               0         525
  -3596.15234      -5771.28125       790.000000       30.0000000               0         526
  -998.076172      -4271.28125       790.000000       30.0000000               0         527
   1600.00000      -2771.28125       790.000000       30.0000000               0         528
   4198.07617      -1271.28125       790.000000       30.0000000               0         529
   6796.15234       228.718750       790.000000       30.0000000               0         530
  -3696.15234      -5598.07617       790.000000       30.0000000               0         531
  -1098.07617      -4098.07617       790.000000       30.0000000               0         532
   1500.00000      -2598.07617       790.000000       30.0000000               0         533
   4098.07617      -1098.07617       790.000000       30.0000000               0         534
   6696.15234       401.923828       790.000000       30.0000000               0         535
  -3796.15234      -5424.87109       790.000000       30.0000000               0         536
  -1198.07617      -3924.87109       790.000000       30.0000000               0         537
   1400.00000      -2424.87109       790.000000       30.0000000               0         538
   3998.07617      -924.871094       790.000000       30.0000000               0         539
   6596.15234       575.128906       790.000000       30.0000000               0         540
  -3896.15234      -5251.66602       790.000000       30.0000000               0         541
  -1298.07617      -3751.66602       790.000000       30.0000000               0         542
   1300.00000      -2251.66602       790.000000       30.0000000               0         543
   3898.07617      -751.666016       790.000000       30.0000000               0         544
   6496.15234       748.333984       790.000000       30.0000000               0         545
  -3996.15234      -5078.46094       790.000000       30.0000000               0         546
  -1398.07617      -3578.46094       790.000000       30.0000000               0         547
   1200.00000      -2078.46094       790.000000       30.0000000               0         548
   3798.07617      -578.460938       790.000000       30.0000000               0         549
   6396.15234       921.539062       790.000000       30.0000000               0         550
  -4096.15234      -4905.25586       790.000000       30.0000000               0         551
  -1498.07617      -3405.25586       790.000000       30.0000000               0         552
   1100.00000      -1905.25586       790.000000       30.0000000               0         553
   3698.07617      -405.255859       790.000000       30.0000000               0         554
   6296.15234       1094.74414       790.000000       30.0000000               0         555
  -4196.15234      -4732.05078       790.000000       30.0000000               0         556
  -1598.07617      -3232.05078       790.000000       30.0000000               0         557
   1000.00000      -1732.05078       790.000000       30.0000000               0         558
   3598.07617      -232.050781       790.000000       30.0000000               0         559
   6196.15234       1267.94922       790.000000       30.0000000               0         560
  -4296.15234      -4558.84570       790.000000       30.0000000               0         561
  -1698.07617      -3058.84570       790.000000       30.0000000               0         562
   900.000000      -1558.84570       790.000000       30.0000000               0         563
   3498.07617      -58.8457031       790.000000       30.0000000               0         564
   6096.15234       1441.15430       790.000000       30.0000000               0         565
  -4396.15234      -4385.64062       790.000000       30.0000000               0         566
  -1798.07617      -2885.64062       790.000000       30.0000000               0         567
   800.000000      -1385.64062       790.000000       30.0000000               0         568
   3398.07617       114.359375       790.000000       30.0000000               0         569
   5996.15234       1614.35938       790.000000       30.0000000               0         570
  -4496.15234      -4212.43555       790.000000       30.0000000               0         571
  -1898.07617      -2712.43555       790.000000       30.0000000               0         572
   700.000000      -1212.43555       790.000000       30.0000000               0         573
   3298.07617       287.564453       790.000000       30.0000000               0         574
   5896.15234       1787.56445       790.000000       30.0000000               0         575
  -4596.15234      -4039.23047       790.000000       30.0000000               0         576
  -1998.07617      -2539.23047       790.000000       30.0000000               0         577
   600.000000      -1039.23047       790.000000       30.0000000               0         578
   3198.07617       460.769531       790.000000       30.0000000               0         579
   5796.15234       1960.76953       790.000000       30.0000000               0         580
  -4696.15234      -3866.02539       790.000000       30.0000000               0         581
  -2098.07617      -2366.02539       790.000000       30.0000000               0         582
   500.000000      -866.025391       790.000000       30.0000000               0         583
   3098.07617       633.974609       790.000000       30.0000000               0         584
   5696.15234       2133.97461       790.000000       30.0000000               0         585
  -4796.15234      -3692.82031       790.000000       30.0000000               0         586
  -2198.07617      -2192.82031       790.000000       30.0000000               0         587
   400.000000      -692.820312       790.000000       30.0000000               0         588
   2998.07617       807.179688       790.000000       30.0000000               0         589
   5596.15234       2307.17969       790.000000       30.0000000               0         590
  -4896.15234      -3519.61523       790.000000       30.0000000               0         591
  -2298.07617      -2019.61523       790.000000       30.0000000               0         592
   300.000000      -519.615234       790.000000       30.0000000               0         593
   2898.07617       980.384766       790.000000       30.0000000               0         594
   5496.15234       2480.38477       790.000000       30.0000000               0         595
  -4996.15234      -3346.41016       790.000000       30.0000000               0         596
  -2398.07617      -1846.41016       790.000000       30.0000000               0         597
   200.000000      -346.410156       790.000000       30.0000000               0         598
   2798.07617       1153.58984       790.000000       30.0000000               0         599
   5396.15234       2653.58984       790.000000       30.0000000               0         600
  -5096.15234      -3173.20508       790.000000       30.0000000               0         601
  -2498.07617      -1673.20508       790.000000       30.0000000               0         602
   100.000000      -173.205078       790.000000       30.0000000               0         603
   2698.07617       1326.79492       790.000000       30.0000000               0         604
   5296.15234       2826.79492       790.000000       30.0000000               0         605
  -5196.15234      -3000.00000       790.000000       30.0000000               0         606
  -2598.07617      -1500.00000       790.000000       30.0000000               0         607
   0.00000000       0.00000000       790.000000       30.0000000               0         608
   2598.07617       1500.00000       790.000000       30.0000000               0         609
   5196.15234       3000.00000       790.000000       30.0000000               0         610
  -5296.15234      -2826.79492       790.000000       30.0000000               0         611
  -2698.07617      -1326.79492       790.000000       30.0000000               0         612
  -100.000000       173.205078       790.000000       30.0000000               0         613
   2498.07617       1673.20508       790.000000       30.0000000               0         614
   5096.15234       3173.20508       790.000000       30.0000000               0         615
  -5396.15234      -2653.58984       790.000000       30.0000000               0         616
  -2798.07617      -1153.58984       790.000000       30.0000000               0         617
  -200.000000       346.410156       790.000000       30.0000000               0         618
   2398.07617       1846.41016       790.000000       30.0000000               0         619
   4996.15234       3346.41016       790.000000       30.0000000               0         620
  -5496.15234      -2480.38477       790.000000       30.0000000               0         621
  -2898.07617      -980.384766       790.000000       30.0000000               0         622
  -300.000000       519.615234       790.000000       30.0000000               0         623
   2298.07617       2019.61523       790.000000       30.0000000               0         624
   4896.15234       3519.61523       790.000000       30.0000000               0         625
  -5596.15234      -2307.17969       790.000000       30.0000000               0         626
  -2998.07617      -807.179688       790.000000       30.0000000               0         627
  -400.000000       692.820312       790.000000       30.0000000               0         628
   2198.07617       2192.82031       790.000000       30.0000000               0         629
   4796.15234       3692.82031       790.000000       30.0000000               0         630
  -5696.15234      -2133.97461       790.000000       30.0000000               0         631
  -3098.07617      -633.974609       790.000000       30.0000000               0         632
  -500.000000       866.025391       790.000000       30.0000000               0         633
   2098.07617       2366.02539       790.000000       30.0000000               0         634
   4696.15234       3866.02539       790.000000       30.0000000               0         635
  -5796.15234      -1960.76953       790.000000       30.0000000               0         636
  -3198.07617      -460.769531       790.000000       30.0000000               0         637
  -600.000000       1039.23047       790.000000       30.0000000               0         638
   1998.07617       2539.23047       790.000000       30.0000000               0         639
   4596.15234       4039.23047       790.000000       30.0000000               0         640
  -5896.15234      -1787.56445       790.000000       30.0000000               0         641
  -3298.07617      -287.564453       790.000000       30.0000000               0         642
  -700.000000       1212.43555       790.000000       30.0000000               0         643
   1898.07617       2712.43555       790.000000       30.0000000               0         644
   4496.15234       4212.43555       790.000000       30.0000000               0         645
  -5996.15234      -1614.35938       790.000000       30.0000000               0         646
  -3398.07617      -114.359375       790.000000       30.0000000               0         647
  -800.000000       1385.64062       790.000000       30.0000000               0         648
   1798.07617       2885.64062       790.000000       30.0000000               0         649
   4396.15234       4385.64062       790.000000       30.0000000               0         650
  -6096.15234      -1441.15430       790.000000       30.0000000               0         651
  -3498.07617       58.8457031       790.000000       30.0000000               0         652
  -900.000000       1558.84570       790.000000       30.0000000               0         653
   1698.07617       3058.84570       790.000000       30.0000000               0         654
   4296.15234       4558.84570       790.000000       30.0000000               0         655
  -6196.15234      -1267.94922       790.000000       30.0000000               0         656
  -3598.07617       232.050781       790.000000       30.0000000               0         657
  -1000.00000       1732.05078       790.000000       30.0000000               0         658
   1598.07617       3232.05078       790.000000       30.0000000               0         659
   4196.15234       4732.05078       790.000000       30.0000000               0         660
  -6296.15234      -1094.74414       790.000000       30.0000000               0         661
  -3698.07617       405.255859       790.000000       30.0000000               0         662
  -1100.00000       1905.25586       790.000000       30.0000000               0         663
   1498.07617       3405.25586       790.000000       30.0000000               0         664
   4096.15234       4905.25586       790.000000       30.0000000               0         665
  -6396.15234      -921.539062       790.000000       30.0000000               0         666
  -3798.07617       578.460938       790.000000       30.0000000               0         667
  -1200.00000       2078.46094       790.000000       30.0000000               0         668
   1398.07617       3578.46094       790.000000       30.0000000               0         669
   3996.15234       5078.46094       790.000000       30.0000000               0         670
  -6496.15234      -748.333984       790.000000       30.0000000               0         671
  -3898.07617       751.666016       790.000000       30.0000000               0         672
  -1300.00000       2251.66602       790.000000       30.0000000               0         673
   1298.07617       3751.66602       790.000000       30.0000000               0         674
   3896.15234       5251.66602       790.000000       30.0000000               0         675
  -6596.15234      -575.128906       790.000000       30.0000000               0         676
  -3998.07617       924.871094       790.000000       30.0000000               0         677
  -1400.00000       2424.87109       790.000000       30.0000000               0         678
   1198.07617       3924.87109       790.000000       30.0000000               0         679
   3796.15234       5424.87109       790.000000       30.0000000               0         680
  -6696.15234      -401.923828       790.000000       30.0000000               0         681
  -4098.07617       1098.07617       790.000000       30.0000000               0         682
  -1500.00000       2598.07617       790.000000       30.0000000               0         683
   1098.07617       4098.07617       790.000000       30.0000000               0         684
   3696.15234       5598.07617       790.000000       30.0000000               0         685
  -6796.15234      -228.718750       790.000000       30.0000000               0         686
  -4198.07617       1271.28125       790.000000       30.0000000               0         687
  -1600.00000       2771.28125       790.000000       30.0000000               0         688
   998.076172       4271.28125       790.000000       30.0000000               0         689
   3596.15234       5771.28125       790.000000       30.0000000               0         690
  -6896.15234      -55.5136719       790.000000       30.0000000               0         691
  -4298.07617       1444.48633       790.000000       30.0000000               0         692
  -1700.00000       2944.48633       790.000000       30.0000000               0         693
   898.076172       4444.48633       790.000000       30.0000000               0         694
   3496.15234       5944.48633       790.000000       30.0000000               0         695
  -6996.15234       117.691406       790.000000       30.0000000               0         696
  -4398.07617       1617.69141       790.000000       30.0000000               0         697
  -1800.00000       3117.69141       790.000000       30.0000000               0         698
   798.076172       4617.69141       790.000000       30.0000000               0         699
   3396.15234       6117.69141       790.000000       30.0000000               0         700
  -7096.15234       290.896484       790.000000       30.0000000               0         701
  -4498.07617       1790.89648       790.000000       30.0000000               0         702
  -1900.00000       3290.89648       790.000000       30.0000000               0         703
   698.076172       4790.89648       790.000000       30.0000000               0         704
   3296.15234       6290.89648       790.000000       30.0000000               0         705
  -7196.15234       464.101562       790.000000       30.0000000               0         706
  -4598.07617       1964.10156       790.000000       30.0000000               0         707
  -2000.00000       3464.10156       790.000000       30.0000000               0         708
   598.076172       4964.10156       790.000000       30.0000000               0         709
   3196.15234       6464.10156       790.000000       30.0000000               0         710
  -7296.15234       637.306641       790.000000       30.0000000               0         711
  -4698.07617       2137.30664       790.000000       30.0000000               0         712
  -2100.00000       3637.30664       790.000000       30.0000000               0         713
   498.076172       5137.30664       790.000000       30.0000000               0         714
   3096.15234       6637.30664       790.000000       30.0000000               0         715
  -7396.15234       810.511719       790.000000       30.0000000               0         716
  -4798.07617       2310.51172       790.000000       30.0000000               0         717
  -2200.00000       3810.51172       790.000000       30.0000000               0         718
   398.076172       5310.51172       790.000000       30.0000000               0         719
   2996.15234       6810.51172       790.000000       30.0000000               0         720
  -7496.15234       983.716797       790.000000       30.0000000               0         721
  -4898.07617       2483.71680       790.000000       30.0000000               0         722
  -2300.00000       3983.71680       790.000000       30.0000000               0         723
   298.076172       5483.71680       790.000000       30.0000000               0         724
   2896.15234       6983.71680       790.000000       30.0000000               0         725
  -7596.15234       1156.92188       790.000000       30.0000000               0         726
  -4998.07617       2656.92188       790.000000       30.0000000               0         727
  -2400.00000       4156.92188       790.000000       30.0000000               0         728
   198.076172       5656.92188       790.000000       30.0000000               0         729
   2796.15234       7156.92188       790.000000       30.0000000               0         730
  -7696.15234       1330.12695       790.000000       30.0000000               0         731
  -5098.07617       2830.12695       790.000000       30.0000000               0         732
  -2500.00000       4330.12695       790.000000       30.0000000               0         733
   98.0761719       5830.12695       790.000000       30.0000000               0         734
   2696.15234       7330.12695       790.000000       30.0000000               0         735
  -7796.15234       1503.33203       790.000000       30.0000000               0         736
  -5198.07617       3003.33203       790.000000       30.0000000               0         737
  -2600.00000       4503.33203       790.000000       30.0000000               0         738
  -1.92382812       6003.33203       790.000000       30.0000000               0         739
   2596.15234       7503.33203       790.000000       30.0000000               0         740
  -7896.15234       1676.53711       790.000000       30.0000000               0         741
  -5298.07617       3176.53711       790.000000       30.0000000               0         742
  -2700.00000       4676.53711       790.000000       30.0000000               0         743
  -101.923828       6176.53711       790.000000       30.0000000               0         744
   2496.15234       7676.53711       790.000000       30.0000000               0         745
  -7996.15234       1849.74219       790.000000       30.0000000               0         746
  -5398.07617       3349.74219       790.000000       30.0000000               0         747
  -2800.00000       4849.74219       790.000000       30.0000000               0         748
  -201.923828       6349.74219       790.000000       30.0000000               0         749
   2396.15234       7849.74219       790.000000       30.0000000               0         750
  -8096.15234       2022.94727       790.000000       30.0000000               0         751
  -5498.07617       3522.94727       790.000000       30.0000000               0         752
  -2900.00000       5022.94727       790.000000       30.0000000               0         753
  -301.923828       6522.94727       790.000000       30.0000000               0         754
   2296.15234       8022.94727       790.000000       30.0000000               0         755
  -8196.15234       2196.15234       790.000000       30.0000000               0         756
  -5598.07617       3696.15234       790.000000       30.0000000               0         757
  -3000.00000       5196.15234       790.000000       30.0000000               0         758
  -401.923828       6696.15234       790.000000       30.0000000               0         759
   2196.15234       8196.15234       790.000000       30.0000000               0         760
  -8296.15234       2369.35742       790.000000       30.0000000               0         761
  -5698.07617       3869.35742       790.000000       30.0000000               0         762
  -3100.00000       5369.35742       790.000000       30.0000000               0         763
  -501.923828       6869.35742       790.000000       30.0000000               0         764
   2096.15234       8369.35742       790.000000       30.0000000               0         765
  -8396.15234       2542.56250       790.000000       30.0000000               0         766
  -5798.07617       4042.56250       790.000000       30.0000000               0         767
  -3200.00000       5542.56250       790.000000       30.0000000               0         768
  -601.923828       7042.56250       790.000000       30.0000000               0         769
   1996.15234       8542.56250       790.000000       30.0000000               0         770
  -8496.15234       2715.76758       790.000000       30.0000000               0         771
  -5898.07617       4215.76758       790.000000       30.0000000               0         772
  -3300.00000       5715.76758       790.000000       30.0000000               0         773
  -701.923828       7215.76758       790.000000       30.0000000               0         774
   1896.15234       8715.76758       790.000000       30.0000000               0         775
  -8596.15234       2888.97266       790.000000       30.0000000               0         776
  -5998.07617       4388.97266       790.000000       30.0000000               0         777
  -3400.00000       5888.97266       790.000000       30.0000000               0         778
  -801.923828       7388.97266       790.000000       30.0000000               0         779
   1796.15234       8888.97266       790.000000       30.0000000               0         780
  -8696.15234       3062.17773       790.000000       30.0000000               0         781
  -6098.07617       4562.17773       790.000000       30.0000000               0         782
  -3500.00000       6062.17773       790.000000       30.0000000               0         783
  -901.923828       7562.17773       790.000000       30.0000000               0         784
   1696.15234       9062.17773       790.000000       30.0000000               0         785
  -8796.15234       3235.38281       790.000000       30.0000000               0         786
  -6198.07617       4735.38281       790.000000       30.0000000               0         787
  -3600.00000       6235.38281       790.000000       30.0000000               0         788
  -1001.92383       7735.38281       790.000000       30.0000000               0         789
   1596.15234       9235.38281       790.000000       30.0000000               0         790
  -8896.15234       3408.58789       790.000000       30.0000000               0         791
  -6298.07617       4908.58789       790.000000       30.0000000               0         792
  -3700.00000       6408.58789       790.000000       30.0000000               0         793
  -1101.92383       7908.58789       790.000000       30.0000000               0         794
   1496.15234       9408.58789       790.000000       30.0000000               0         795
  -8996.15234       3581.79297       790.000000       30.0000000               0         796
  -6398.07617       5081.79297       790.000000       30.0000000               0         797
  -3800.00000       6581.79297       790.000000       30.0000000               0         798
  -1201.92383       8081.79297       790.000000       30.0000000               0         799
   1396.15234       9581.79297       790.000000       30.0000000               0         800
  -9096.15234       3754.99805       790.000000       30.0000000               0         801
  -6498.07617       5254.99805       790.000000       30.0000000               0         802
  -3900.00000       6754.99805       790.000000       30.0000000               0         803
  -1301.92383       8254.99805       790.000000       30.0000000               0         804
   1296.15234       9754.99805       790.000000       30.0000000               0         805
  -9196.15234       3928.20312       790.000000       30.0000000               0         806
  -6598.07617       5428.20312       790.000000       30.0000000               0         807
  -4000.00000       6928.20312       790.000000       30.0000000               0         808
  -1401.92383       8428.20312       790.000000       30.0000000               0         809
   1196.15234       9928.20312       790.000000       30.0000000               0         810
